CE,20160720,303750,303750,303750,303750
CE,20160721,712950,712950,712950,712950
CE,20160724,-541275,-541275,-541275,-541275
CE,20160725,-922200,-922200,-922200,-922200
CE,20160726,1299825,1299825,1299825,1299825
CE,20160727,636375,636375,636375,636375
CE,20160728,-3017925,-3017925,-3017925,-3017925
CE,20160729,386775,386775,386775,386775
CE,20160801,1059975,1059975,1059975,1059975
CE,20160802,894450,894450,894450,894450
CE,20160803,1436925,1436925,1436925,1436925
CE,20160804,-840450,-840450,-840450,-840450
CE,20160805,-1109625,-1109625,-1109625,-1109625
CE,20160808,-408750,-408750,-408750,-408750
CE,20160809,673950,673950,673950,673950
CE,20160810,1482825,1482825,1482825,1482825
CE,20160811,-226200,-226200,-226200,-226200
CE,20160812,-462750,-462750,-462750,-462750
CE,20160816,1026900,1026900,1026900,1026900
CE,20160817,746325,746325,746325,746325
CE,20160818,-878250,-878250,-878250,-878250
CE,20160819,1135125,1135125,1135125,1135125
CE,20160822,1340925,1340925,1340925,1340925
CE,20160823,1380375,1380375,1380375,1380375
CE,20160824,-820800,-820800,-820800,-820800
CE,20160825,386775,386775,386775,386775
CE,20160826,763200,763200,763200,763200
CE,20160829,692250,692250,692250,692250
CE,20160830,1236450,1236450,1236450,1236450
CE,20160831,683100,683100,683100,683100
CE,20160901,607725,607725,607725,607725
CE,20160902,-313125,-313125,-313125,-313125
CE,20160906,-666975,-666975,-666975,-666975
CE,20160907,-498525,-498525,-498525,-498525
CE,20160908,307425,307425,307425,307425
CE,20160909,1243650,1243650,1243650,1243650
CE,20160912,1449375,1449375,1449375,1449375
CE,20160914,780825,780825,780825,780825
CE,20160915,389550,389550,389550,389550
CE,20160916,-402300,-402300,-402300,-402300
CE,20160919,389550,389550,389550,389550
CE,20160920,613500,613500,613500,613500
CE,20160921,620925,620925,620925,620925
CE,20160922,-541050,-541050,-541050,-541050
CE,20160923,391350,391350,391350,391350
CE,20160926,1943250,1943250,1943250,1943250
CE,20160927,839625,839625,839625,839625
CE,20160928,-558075,-558075,-558075,-558075
CE,20160929,2044350,2044350,2044350,2044350
CE,20160930,1252350,1252350,1252350,1252350
CE,20161003,700575,700575,700575,700575
CE,20161004,475800,475800,475800,475800
CE,20161005,388050,388050,388050,388050
CE,20161006,1252350,1252350,1252350,1252350
CE,20161008,-354600,-354600,-354600,-354600
CE,20161010,524475,524475,524475,524475
CE,20161013,1690650,1690650,1690650,1690650
CE,20161014,900525,900525,900525,900525
CE,20161017,1590900,1590900,1590900,1590900
CE,20161018,-931050,-931050,-931050,-931050
CE,20161019,429000,429000,429000,429000
CE,20161020,-526425,-526425,-526425,-526425
CE,20161021,-354525,-354525,-354525,-354525
CE,20161024,468750,468750,468750,468750
CE,20161025,816675,816675,816675,816675
CE,20161026,1616400,1616400,1616400,1616400
CE,20161027,1451925,1451925,1451925,1451925
CE,20161109,-46200,-46200,-46200,-46200
CE,20161117,300,300,300,300
CE,20161122,-447750,-447750,-447750,-447750
CE,20161123,680250,680250,680250,680250
CE,20161124,1935000,1935000,1935000,1935000
CE,20161125,388875,388875,388875,388875
CE,20161128,562500,562500,562500,562500
CE,20161129,584100,584100,584100,584100
CE,20161130,373650,373650,373650,373650
CE,20161201,819675,819675,819675,819675
CE,20161202,616125,616125,616125,616125
CE,20161212,557850,557850,557850,557850
CE,20161214,557850,557850,557850,557850
CE,20161215,557850,557850,557850,557850
CE,20161219,557850,557850,557850,557850
CE,20161223,557850,557850,557850,557850
CE,20161226,557850,557850,557850,557850
CE,20161227,-2069625,-2069625,-2069625,-2069625
CE,20161228,645150,645150,645150,645150
CE,20161229,-1892175,-1892175,-1892175,-1892175
CE,20170102,350100,350100,350100,350100
CE,20170103,303600,303600,303600,303600
CE,20170104,291900,291900,291900,291900
CE,20170105,749850,749850,749850,749850
CE,20170106,554925,554925,554925,554925
CE,20170109,314625,314625,314625,314625
CE,20170110,114675,114675,114675,114675
CE,20170111,-632475,-632475,-632475,-632475
CE,20170112,592425,592425,592425,592425
CE,20170113,-738525,-738525,-738525,-738525
CE,20170116,264600,264600,264600,264600
CE,20170117,588600,588600,588600,588600
CE,20170118,-227700,-227700,-227700,-227700
CE,20170119,457200,457200,457200,457200
CE,20170120,1269450,1269450,1269450,1269450
CE,20170123,-582225,-582225,-582225,-582225
CE,20170124,-1995450,-1995450,-1995450,-1995450
CE,20170125,-2640000,-2640000,-2640000,-2640000
CE,20170128,967500,967500,967500,967500
CE,20170130,1152375,1152375,1152375,1152375
CE,20170131,1329975,1329975,1329975,1329975
CE,20170201,918975,918975,918975,918975
CE,20170202,463650,463650,463650,463650
CE,20170203,-279825,-279825,-279825,-279825
CE,20170206,-423225,-423225,-423225,-423225
CE,20170207,317850,317850,317850,317850
CE,20170208,306975,306975,306975,306975
CE,20170209,662625,662625,662625,662625
CE,20170210,546150,546150,546150,546150
CE,20170213,257250,257250,257250,257250
CE,20170214,337875,337875,337875,337875
CE,20170216,-685875,-685875,-685875,-685875
CE,20170217,-826725,-826725,-826725,-826725
CE,20170220,809550,809550,809550,809550
CE,20170221,-796350,-796350,-796350,-796350
CE,20170222,2468850,2468850,2468850,2468850
CE,20170223,-3184650,-3184650,-3184650,-3184650
CE,20170226,564000,564000,564000,564000
CE,20170227,574650,574650,574650,574650
CE,20170228,249975,249975,249975,249975
CE,20170302,679275,679275,679275,679275
CE,20170303,297450,297450,297450,297450
CE,20170306,-575025,-575025,-575025,-575025
CE,20170307,316950,316950,316950,316950
CE,20170308,852225,852225,852225,852225
CE,20170309,1371750,1371750,1371750,1371750
CE,20170310,1232775,1232775,1232775,1232775
CE,20170313,1051275,1051275,1051275,1051275
CE,20170314,-2282625,-2282625,-2282625,-2282625
CE,20170315,-480750,-480750,-480750,-480750
CE,20170316,-1027875,-1027875,-1027875,-1027875
CE,20170317,432450,432450,432450,432450
CE,20170320,591075,591075,591075,591075
CE,20170321,587700,587700,587700,587700
CE,20170321,572100,572100,572100,572100
CE,20170322,1312800,1312800,1312800,1312800
CE,20170323,-416400,-416400,-416400,-416400
CE,20170324,615600,615600,615600,615600
CE,20170327,1724550,1724550,1724550,1724550
CE,20170328,-868200,-868200,-868200,-868200
CE,20170329,-1539900,-1539900,-1539900,-1539900
CE,20170330,-2401350,-2401350,-2401350,-2401350
CE,20170331,679575,679575,679575,679575
CE,20170403,839475,839475,839475,839475
CE,20170425,648825.0,648825.0,648825.0,648825.0
CE,20170426,389550.0,389550.0,389550.0,389550.0
CE,20170427,1510800.0,1510800.0,1510800.0,1510800.0
CE,20170428,601575.0,601575.0,601575.0,601575.0
CE,20170502,584475.0,584475.0,584475.0,584475.0
CE,20170503,488475.0,488475.0,488475.0,488475.0
CE,20170504,217650.0,217650.0,217650.0,217650.0
CE,20170505,1026075.0,1026075.0,1026075.0,1026075.0
CE,20170508,306600.0,306600.0,306600.0,306600.0
CE,20170509,179475.0,179475.0,179475.0,179475.0
CE,20170510,-1096950.0,-1096950.0,-1096950.0,-1096950.0
CE,20170511,-432975.0,-432975.0,-432975.0,-432975.0
CE,20170512,567900.0,567900.0,567900.0,567900.0
CE,20170515,-273900.0,-273900.0,-273900.0,-273900.0
CE,20170516,644550.0,644550.0,644550.0,644550.0
CE,20170517,-498000.0,-498000.0,-498000.0,-498000.0
CE,20170518,1426350.0,1426350.0,1426350.0,1426350.0
CE,20170519,629325.0,629325.0,629325.0,629325.0
CE,20170522,1089600.0,1089600.0,1089600.0,1089600.0
CE,20170523,1635825.0,1635825.0,1635825.0,1635825.0
CE,20170524,1288125.0,1288125.0,1288125.0,1288125.0
CE,20170525,387000.0,387000.0,387000.0,387000.0
CE,20170525,1235775.0,1235775.0,1235775.0,1235775.0
CE,20170526,727125.0,727125.0,727125.0,727125.0
CE,20170529,698550.0,698550.0,698550.0,698550.0
CE,20170530,376450.0,376450.0,376450.0,376450.0
CE,20170531,434025.0,434025.0,434025.0,434025.0
CE,20170601,363300.0,363300.0,363300.0,363300.0
CE,20170602,545550.0,545550.0,545550.0,545550.0
CE,20170605,402825.0,402825.0,402825.0,402825.0
CE,20170606,562125.0,562125.0,562125.0,562125.0
CE,20170607,159000.0,159000.0,159000.0,159000.0
CE,20170608,457425.0,457425.0,457425.0,457425.0
CE,20170609,-222375.0,-222375.0,-222375.0,-222375.0
CE,20170612,900975.0,900975.0,900975.0,900975.0
CE,20170613,214875.0,214875.0,214875.0,214875.0
CE,20170614,-251025.0,-251025.0,-251025.0,-251025.0
CE,20170616,730725.0,730725.0,730725.0,730725.0
CE,20170619,-1642200.0,-1642200.0,-1642200.0,-1642200.0
CE,20170620,350025.0,350025.0,350025.0,350025.0
CE,20170621,963075.0,963075.0,963075.0,963075.0
CE,20170622,387525.0,387525.0,387525.0,387525.0
CE,20170623,1808775.0,1808775.0,1808775.0,1808775.0
CE,20170627,3346575.0,3346575.0,3346575.0,3346575.0
CE,20170628,1158000.0,1158000.0,1158000.0,1158000.0
CE,20170629,-2710200.0,-2710200.0,-2710200.0,-2710200.0
CE,20170630,849900.0,849900.0,849900.0,849900.0
CE,20170703,897675.0,897675.0,897675.0,897675.0
CE,20170704,511050.0,511050.0,511050.0,511050.0
CE,20170705,133275.0,133275.0,133275.0,133275.0
CE,20170706,392250.0,392250.0,392250.0,392250.0
CE,20170707,417225.0,417225.0,417225.0,417225.0
CE,20170710,-598275.0,-598275.0,-598275.0,-598275.0
CE,20170711,514800.0,514800.0,514800.0,514800.0
CE,20170712,249525.0,249525.0,249525.0,249525.0
CE,20170713,-929775.0,-929775.0,-929775.0,-929775.0
CE,20170714,806475.0,806475.0,806475.0,806475.0
CE,20170717,-433200.0,-433200.0,-433200.0,-433200.0
CE,20170718,2262300.0,2262300.0,2262300.0,2262300.0
CE,20170719,-1776975.0,-1776975.0,-1776975.0,-1776975.0
CE,20170720,1346475.0,1346475.0,1346475.0,1346475.0
CE,20170721,1165650.0,1165650.0,1165650.0,1165650.0
CE,20170724,-1638675.0,-1638675.0,-1638675.0,-1638675.0
CE,20170725,885900.0,885900.0,885900.0,885900.0
CE,20170726,-1588125.0,-1588125.0,-1588125.0,-1588125.0
CE,20170727,-3039300.0,-3039300.0,-3039300.0,-3039300.0
CE,20170728,1327425.0,1327425.0,1327425.0,1327425.0
CE,20170731,-282675.0,-282675.0,-282675.0,-282675.0
CE,20170801,450600.0,450600.0,450600.0,450600.0
CE,20170802,872925.0,872925.0,872925.0,872925.0
CE,20170803,723225.0,723225.0,723225.0,723225.0
CE,20170804,-698625.0,-698625.0,-698625.0,-698625.0
CE,20170807,712425.0,712425.0,712425.0,712425.0
CE,20170808,1006200.0,1006200.0,1006200.0,1006200.0
CE,20170809,729675.0,729675.0,729675.0,729675.0
CE,20170810,1295775.0,1295775.0,1295775.0,1295775.0
CE,20170811,1807200.0,1807200.0,1807200.0,1807200.0
CE,20170814,285975.0,285975.0,285975.0,285975.0
CE,20170816,-383250.0,-383250.0,-383250.0,-383250.0
CE,20170817,-453375.0,-453375.0,-453375.0,-453375.0
CE,20170818,748125.0,748125.0,748125.0,748125.0
CE,20170821,1185975.0,1185975.0,1185975.0,1185975.0
CE,20170822,470250.0,470250.0,470250.0,470250.0
CE,20170823,-979575.0,-979575.0,-979575.0,-979575.0
CE,20170824,320175.0,320175.0,320175.0,320175.0
CE,20170828,1058025.0,1058025.0,1058025.0,1058025.0
CE,20170829,2292750.0,2292750.0,2292750.0,2292750.0
CE,20170830,-2092125.0,-2092125.0,-2092125.0,-2092125.0
CE,20170831,-2974350.0,-2974350.0,-2974350.0,-2974350.0
CE,20170901,636075.0,636075.0,636075.0,636075.0
CE,20170904,989550.0,989550.0,989550.0,989550.0
CE,20170905,-252825.0,-252825.0,-252825.0,-252825.0
CE,20170906,255975.0,255975.0,255975.0,255975.0
CE,20170907,400275.0,400275.0,400275.0,400275.0
CE,20170908,181275.0,181275.0,181275.0,181275.0
CE,20170911,-787950.0,-787950.0,-787950.0,-787950.0
CE,20170912,-542775.0,-542775.0,-542775.0,-542775.0
CE,20170913,507300.0,507300.0,507300.0,507300.0
CE,20170915,519750.0,519750.0,519750.0,519750.0
CE,20170918,-1095075.0,-1095075.0,-1095075.0,-1095075.0
CE,20170919,257925.0,257925.0,257925.0,257925.0
CE,20170920,-288300.0,-288300.0,-288300.0,-288300.0
CE,20170921,1081650.0,1081650.0,1081650.0,1081650.0
CE,20170922,2370825.0,2370825.0,2370825.0,2370825.0
CE,20170925,2886975.0,2886975.0,2886975.0,2886975.0
CE,20170926,1102050.0,1102050.0,1102050.0,1102050.0
CE,20170927,2843775.0,2843775.0,2843775.0,2843775.0
CE,20170928,1133100.0,1133100.0,1133100.0,1133100.0
CE,20170929,865275.0,865275.0,865275.0,865275.0
CE,20171003,215775.0,215775.0,215775.0,215775.0
CE,20171004,452325.0,452325.0,452325.0,452325.0
CE,20171005,467475.0,467475.0,467475.0,467475.0
CE,20171006,-525600.0,-525600.0,-525600.0,-525600.0
CE,20171009,366975.0,366975.0,366975.0,366975.0
CE,20171010,-283050.0,-283050.0,-283050.0,-283050.0
CE,20171011,870300.0,870300.0,870300.0,870300.0
CE,20171012,-1248150.0,-1248150.0,-1248150.0,-1248150.0
CE,20171013,-1406475.0,-1406475.0,-1406475.0,-1406475.0
CE,20171016,688425.0,688425.0,688425.0,688425.0
CE,20171017,273000.0,273000.0,273000.0,273000.0
CE,20171018,440775.0,440775.0,440775.0,440775.0
CE,20171023,-345525.0,-345525.0,-345525.0,-345525.0
CE,20171024,-802800.0,-802800.0,-802800.0,-802800.0
CE,20171025,-1417425.0,-1417425.0,-1417425.0,-1417425.0
CE,20171026,-3046425.0,-3046425.0,-3046425.0,-3046425.0
CE,20171027,604125.0,604125.0,604125.0,604125.0
CE,20171030,274800.0,274800.0,274800.0,274800.0
CE,20171031,-204750.0,-204750.0,-204750.0,-204750.0
CE,20171101,412875.0,412875.0,412875.0,412875.0
CE,20171102,278175.0,278175.0,278175.0,278175.0
CE,20171103,679650.0,679650.0,679650.0,679650.0
CE,20171106,286650.0,286650.0,286650.0,286650.0
CE,20171107,967200.0,967200.0,967200.0,967200.0
CE,20171108,509100.0,509100.0,509100.0,509100.0
CE,20171109,526875.0,526875.0,526875.0,526875.0
CE,20171110,688125.0,688125.0,688125.0,688125.0
CE,20171113,1537725.0,1537725.0,1537725.0,1537725.0
CE,20171114,-390150.0,-390150.0,-390150.0,-390150.0
CE,20171115,1759725.0,1759725.0,1759725.0,1759725.0
CE,20171116,-686100.0,-686100.0,-686100.0,-686100.0
CE,20171117,-1145775.0,-1145775.0,-1145775.0,-1145775.0
CE,20171120,408750.0,408750.0,408750.0,408750.0
CE,20171121,-687900.0,-687900.0,-687900.0,-687900.0
CE,20171122,440175.0,440175.0,440175.0,440175.0
CE,20171123,411000.0,411000.0,411000.0,411000.0
CE,20171124,-850275.0,-850275.0,-850275.0,-850275.0
CE,20171127,635550.0,635550.0,635550.0,635550.0
CE,20171128,1168800.0,1168800.0,1168800.0,1168800.0
CE,20171129,-1047000.0,-1047000.0,-1047000.0,-1047000.0
CE,20171130,2972475.0,2972475.0,2972475.0,2972475.0
CE,20171201,1757625.0,1757625.0,1757625.0,1757625.0
CE,20171204,396600.0,396600.0,396600.0,396600.0
CE,20171205,818625.0,818625.0,818625.0,818625.0
CE,20171206,855150.0,855150.0,855150.0,855150.0
CE,20171207,-667425.0,-667425.0,-667425.0,-667425.0
CE,20171208,-582825.0,-582825.0,-582825.0,-582825.0
CE,20171211,-638550.0,-638550.0,-638550.0,-638550.0
CE,20171212,495300.0,495300.0,495300.0,495300.0
CE,20171213,531000.0,531000.0,531000.0,531000.0
CE,20171214,614400.0,614400.0,614400.0,614400.0
CE,20171215,-625200.0,-625200.0,-625200.0,-625200.0
CE,20171218,449250.0,449250.0,449250.0,449250.0
CE,20171219,-516750.0,-516750.0,-516750.0,-516750.0
CE,20171220,-652425.0,-652425.0,-652425.0,-652425.0
CE,20171221,232500.0,232500.0,232500.0,232500.0
CE,20171222,-880125.0,-880125.0,-880125.0,-880125.0
CE,20171228,1246950.0,1246950.0,1246950.0,1246950.0
CE,20171229,368925.0,368925.0,368925.0,368925.0
CE,20180101,612450.0,612450.0,612450.0,612450.0
CE,20180102,669600.0,669600.0,669600.0,669600.0
CE,20180103,354750.0,354750.0,354750.0,354750.0
CE,20180104,247950.0,247950.0,247950.0,247950.0
CE,20180105,674025.0,674025.0,674025.0,674025.0
CE,20180108,-360600.0,-360600.0,-360600.0,-360600.0
CE,20180109,303825.0,303825.0,303825.0,303825.0
CE,20180110,707850.0,707850.0,707850.0,707850.0
CE,20180111,-398625.0,-398625.0,-398625.0,-398625.0
CE,20180112,381150.0,381150.0,381150.0,381150.0
CE,20180115,1012350.0,1012350.0,1012350.0,1012350.0
CE,20180116,507000.0,507000.0,507000.0,507000.0
CE,20180117,-325125.0,-325125.0,-325125.0,-325125.0
CE,20180118,1720275.0,1720275.0,1720275.0,1720275.0
CE,20180119,-843750.0,-843750.0,-843750.0,-843750.0
CE,20180122,-1767375.0,-1767375.0,-1767375.0,-1767375.0
CE,20180124,841950.0,841950.0,841950.0,841950.0
CE,20180125,2517900.0,2517900.0,2517900.0,2517900.0
CE,20180129,465450.0,465450.0,465450.0,465450.0
CE,20180130,724875.0,724875.0,724875.0,724875.0
CE,20180131,1143825.0,1143825.0,1143825.0,1143825.0
CE,20180201,2041725.0,2041725.0,2041725.0,2041725.0
CE,20180202,1875525.0,1875525.0,1875525.0,1875525.0
CE,20180205,966300.0,966300.0,966300.0,966300.0
CE,20180206,1516125.000,1516125.000,1516125.000,1516125.000
CE,20180207,3002100.000,3002100.000,3002100.000,3002100.000
CE,20180208,-460275.000,-460275.000,-460275.000,-460275.000
CE,20180209,799500.000,799500.000,799500.000,799500.000
CE,20180209,799500.0,799500.0,799500.0,799500.0
CE,20180210,799500.0,799500.0,799500.0,799500.0
CE,20180212,-358575.0,-358575.0,-358575.0,-358575.0
CE,20180214,982950.0,982950.0,982950.0,982950.0
CE,20180215,1205775.0,1205775.0,1205775.0,1205775.0
CE,20180216,1796850.0,1796850.0,1796850.0,1796850.0
CE,20180217,1679850.0,1679850.0,1679850.0,1679850.0
CE,20180219,2342475.0,2342475.0,2342475.0,2342475.0
CE,20180220,-482775.0,-482775.0,-482775.0,-482775.0
CE,20180221,-1375650.0,-1375650.0,-1375650.0,-1375650.0
CE,20180222,1831875.0,1831875.0,1831875.0,1831875.0
CE,20180223,821400.0,821400.0,821400.0,821400.0
CE,20180224,821400.0,821400.0,821400.0,821400.0
CE,20180226,422700.0,422700.0,422700.0,422700.0
CE,20180227,582900.0,582900.0,582900.0,582900.0
CE,20180228,591525.0,591525.0,591525.0,591525.0
CE,20180301,1553100.000,1553100.000,1553100.000,1553100.000
CE,20180303,1555650.0,1555650.0,1555650.0,1555650.0
CE,20180305,2097000.0,2097000.0,2097000.0,2097000.0
CE,20180306,1712775.0,1712775.0,1712775.0,1712775.0
CE,20180307,1582200.0,1582200.0,1582200.0,1582200.0
CE,20180308,-1582275.000,-1582275.000,-1582275.000,-1582275.000
CE,20180309,377625.0,377625.0,377625.0,377625.0
CE,20180312,1508175.0,1508175.0,1508175.0,1508175.0
CE,20180313,-1315275.0,-1315275.0,-1315275.0,-1315275.0
CE,20180314,1071150.000,1071150.000,1071150.000,1071150.000
CE,20180315,614475.0,614475.0,614475.0,614475.0
CE,20180316,1812525.000,1812525.000,1812525.000,1812525.000
CE,20180319,1376175.0,1376175.0,1376175.0,1376175.0
CE,20180320,684600.0,684600.0,684600.0,684600.0
CE,20180321,-623700.000,-623700.000,-623700.000,-623700.000
CE,20180322,738450.000,738450.000,738450.000,738450.000
CE,20180323,2755200.0,2755200.0,2755200.0,2755200.0
CE,20180326,-1364850.0,-1364850.0,-1364850.0,-1364850.0
CE,20180327,990825.000,990825.000,990825.000,990825.000
CE,20180328,2419875.0,2419875.0,2419875.0,2419875.0
CE,20180402,479100.0,479100.0,479100.0,479100.0
CE,20180403,599925.0,599925.0,599925.0,599925.0
CE,20180404,1062750.000,1062750.000,1062750.000,1062750.000
CE,20180405,818850.0,818850.0,818850.0,818850.0
CE,20180406,360675.000,360675.000,360675.000,360675.000
CE,20180409,392250.000,392250.000,392250.000,392250.000
CE,20180410,350400.000,350400.000,350400.000,350400.000
CE,20180411,-1119000.000,-1119000.000,-1119000.000,-1119000.000
CE,20180412,-359775.000,-359775.000,-359775.000,-359775.000
CE,20180413,1459050.000,1459050.000,1459050.000,1459050.000
CE,20180416,365925.000,365925.000,365925.000,365925.000
CE,20180417,-423075.0,-423075.0,-423075.0,-423075.0
CE,20180418,550275.0,550275.0,550275.0,550275.0
CE,20180419,471825.0,471825.0,471825.0,471825.0
CE,20180420,-294150.000,-294150.000,-294150.000,-294150.000
CE,20180423,-383100.000,-383100.000,-383100.000,-383100.000
CE,20180424,-472200.000,-472200.000,-472200.000,-472200.000
CE,20180425,904500.000,904500.000,904500.000,904500.000
CE,20180426,-2341800.000,-2341800.000,-2341800.000,-2341800.000
CE,20180427,736500.000,736500.000,736500.000,736500.000
CE,20180430,587100.000,587100.000,587100.000,587100.000
CE,20180502,362625.000,362625.000,362625.000,362625.000
CE,20180503,434700.000,434700.000,434700.000,434700.000
CE,20180504,583950.000,583950.000,583950.000,583950.000
CE,20180507,-369675.0,-369675.0,-369675.0,-369675.0
CE,20180508,191325.000,191325.000,191325.000,191325.000
CE,20180509,-316575.000,-316575.000,-316575.000,-316575.000
CE,20180510,549075.0,549075.0,549075.0,549075.0
CE,20180511,374700.0,374700.0,374700.0,374700.0
CE,20180514,329325.0,329325.0,329325.0,329325.0
CE,20180515,-287625.0,-287625.0,-287625.0,-287625.0
CE,20180516,707550.0,707550.0,707550.0,707550.0
CE,20180517,973425.000,973425.000,973425.000,973425.000
CE,20180518,1108950.000,1108950.000,1108950.000,1108950.000
CE,20180521,1525200.000,1525200.000,1525200.000,1525200.000
CE,20180522,1617150.0,1617150.0,1617150.0,1617150.0
CE,20180523,1794750.0,1794750.0,1794750.0,1794750.0
CE,20180524,724350.0,724350.0,724350.0,724350.0
CE,20180525,-1590375.000,-1590375.000,-1590375.000,-1590375.000
CE,20180528,-1246050.0,-1246050.0,-1246050.0,-1246050.0
CE,20180529,1446300.000,1446300.000,1446300.000,1446300.000
CE,20180530,-933675.0,-933675.0,-933675.0,-933675.0
CE,20180531,490125.000,490125.000,490125.000,490125.000
CE,20180601,817500.000,817500.000,817500.000,817500.000
CE,20180604,987825.0,987825.0,987825.0,987825.0
CE,20180605,577500.000,577500.000,577500.000,577500.000
CE,20180606,-351975.000,-351975.000,-351975.000,-351975.000
CE,20180607,-292575.000,-292575.000,-292575.000,-292575.000
CE,20180608,321675.000,321675.000,321675.000,321675.000
CE,20180611,310875.0,310875.0,310875.0,310875.0
CE,20180612,426075.000,426075.000,426075.000,426075.000
CE,20180613,409575.000,409575.000,409575.000,409575.000
CE,20180614,562800.0,562800.0,562800.0,562800.0
CE,20180615,-400275.000,-400275.000,-400275.000,-400275.000
CE,20180618,489075.000,489075.000,489075.000,489075.000
CE,20180619,1022925.000,1022925.000,1022925.000,1022925.000
CE,20180620,-394950.000,-394950.000,-394950.000,-394950.000
CE,20180621,743625.000,743625.000,743625.000,743625.000
CE,20180622,-1203450.000,-1203450.000,-1203450.000,-1203450.000
CE,20180625,1458300.0,1458300.0,1458300.0,1458300.0
CE,20180626,-558450.0,-558450.0,-558450.0,-558450.0
CE,20180627,2259525.000,2259525.000,2259525.000,2259525.000
CE,20180628,2575275.000,2575275.000,2575275.000,2575275.000
CE,20180629,354450.0,354450.0,354450.0,354450.0
CE,20180702,422175.000,422175.000,422175.000,422175.000
CE,20180703,-146400.0,-146400.0,-146400.0,-146400.0
CE,20180704,250050.0,250050.0,250050.0,250050.0
CE,20180705,543450.000,543450.000,543450.000,543450.000
CE,20180706,361725.0,361725.0,361725.0,361725.0
CE,20180709,565275.0,565275.0,565275.0,565275.0
CE,20180710,-374175.0,-374175.0,-374175.0,-374175.0
CE,20180711,720900.000,720900.000,720900.000,720900.000
CE,20180712,-780825.000,-780825.000,-780825.000,-780825.000
CE,20180713,507600.000,507600.000,507600.000,507600.000
CE,20180716,740250.0,740250.0,740250.0,740250.0
CE,20180717,-387975.000,-387975.000,-387975.000,-387975.000
CE,20180719,909525.0,909525.0,909525.0,909525.0
CE,20180720,-310725.0,-310725.0,-310725.0,-310725.0
CE,20180723,-912900.0,-912900.0,-912900.0,-912900.0
CE,20180724,-808350.0,-808350.0,-808350.0,-808350.0
CE,20180725,-806625.000,-806625.000,-806625.000,-806625.000
CE,20180726,2193975.000,2193975.000,2193975.000,2193975.000
CE,20180727,760875.0,760875.0,760875.0,760875.0
CE,20180730,455025.0,455025.0,455025.0,455025.0
CE,20180731,497625.000,497625.000,497625.000,497625.000
CE,20180801,588075.000,588075.000,588075.000,588075.000
CE,20180802,693750.0,693750.0,693750.0,693750.0
CE,20180803,-411450.000,-411450.000,-411450.000,-411450.000
CE,20180806,343875.0,343875.0,343875.0,343875.0
CE,20180807,420000.0,420000.0,420000.0,420000.0
CE,20180808,-298050.000,-298050.000,-298050.000,-298050.000
CE,20180809,206925.000,206925.000,206925.000,206925.000
CE,20180810,424050.000,424050.000,424050.000,424050.000
CE,20180813,548325.0,548325.0,548325.0,548325.0
CE,20180814,301200.000,301200.000,301200.000,301200.000
CE,20180816,365175.000,365175.000,365175.000,365175.000
CE,20180817,-845925.000,-845925.000,-845925.000,-845925.000
CE,20180820,-450450.0,-450450.0,-450450.0,-450450.0
CE,20180821,205425.000,205425.000,205425.000,205425.000
CE,20180823,-163650.0,-163650.0,-163650.0,-163650.0
CE,20180824,424575.0,424575.0,424575.0,424575.0
CE,20180827,-1584000.000,-1584000.000,-1584000.000,-1584000.000
CE,20180828,876450.0,876450.0,876450.0,876450.0
CE,20180829,1291725.0,1291725.0,1291725.0,1291725.0
CE,20180830,1232475.000,1232475.000,1232475.000,1232475.000
CE,20180831,527925.0,527925.0,527925.0,527925.0
CE,20180903,876075.0,876075.0,876075.0,876075.0
CE,20180904,921375.000,921375.000,921375.000,921375.000
CE,20180905,1135725.0,1135725.0,1135725.0,1135725.0
CE,20180906,321750.0,321750.0,321750.0,321750.0
CE,20180907,-270825.000,-270825.000,-270825.000,-270825.000
CE,20180910,957825.0,957825.0,957825.0,957825.0
CE,20180911,1288425.0,1288425.0,1288425.0,1288425.0
CE,20180912,284700.0,284700.0,284700.0,284700.0
CE,20180914,-698325.0,-698325.0,-698325.0,-698325.0
CE,20180917,837000.0,837000.0,837000.0,837000.0
CE,20180918,945450.0,945450.0,945450.0,945450.0
CE,20180919,1047600.000,1047600.000,1047600.000,1047600.000
CE,20180921,1482225.000,1482225.000,1482225.000,1482225.000
CE,20180924,1333875.0,1333875.0,1333875.0,1333875.0
CE,20180925,-456300.000,-456300.000,-456300.000,-456300.000
CE,20180926,1242900.0,1242900.0,1242900.0,1242900.0
CE,20180927,1669800.000,1669800.000,1669800.000,1669800.000
CE,20180928,526200.0,526200.0,526200.0,526200.0
CE,20181001,379125.0,379125.0,379125.0,379125.0
CE,20181008,866100.0,866100.0,866100.0,866100.0
CE,20181011,1023000.0,1023000.0,1023000.0,1023000.0
CE,20181012,-912075.0,-912075.0,-912075.0,-912075.0
CE,20181015,624675.0,624675.0,624675.0,624675.0
CE,20181016,373650.0,373650.0,373650.0,373650.0
CE,20181017,1136025.000,1136025.000,1136025.000,1136025.000
CE,20181019,1623450.0,1623450.0,1623450.0,1623450.0
CE,20181022,711825.000,711825.000,711825.000,711825.000
CE,20181023,1538100.000,1538100.000,1538100.000,1538100.000
CE,20181024,-674175.0,-674175.0,-674175.0,-674175.0
CE,20181025,1630200.000,1630200.000,1630200.000,1630200.000
CE,20181026,486975.0,486975.0,486975.0,486975.0
CE,20181029,199050.0,199050.0,199050.0,199050.0
CE,20181030,566250.000,566250.000,566250.000,566250.000
CE,20181031,381225.000,381225.000,381225.000,381225.000
CE,20181101,787500.000,787500.000,787500.000,787500.000
CE,20181102,-661500.000,-661500.000,-661500.000,-661500.000
CE,20181105,658200.0,658200.0,658200.0,658200.0
CE,20181106,633525.0,633525.0,633525.0,633525.0
CE,20181112,505350.0,505350.0,505350.0,505350.0
CE,20181114,381825.0,381825.0,381825.0,381825.0
CE,20181115,262275.0,262275.0,262275.0,262275.0
CE,20181119,287850.0,287850.0,287850.0,287850.0
CE,20181120,1004250.0,1004250.0,1004250.0,1004250.0
CE,20181121,940875.0,940875.0,940875.0,940875.0
CE,20181122,661875.0,661875.0,661875.0,661875.0
CE,20181123,627375.0,627375.0,627375.0,627375.0
CE,20181126,-605550.0,-605550.0,-605550.0,-605550.0
CE,20181127,585750.0,585750.0,585750.0,585750.0
CE,20181128,843375.000,843375.000,843375.000,843375.000
CE,20181129,2558325.0,2558325.0,2558325.0,2558325.0
CE,20181130,467550.000,467550.000,467550.000,467550.000
CE,20181203,274950.000,274950.000,274950.000,274950.000
CE,20181204,88950.000,88950.000,88950.000,88950.000
CE,20181205,372450.000,372450.000,372450.000,372450.000
CE,20181206,1331250.0,1331250.0,1331250.0,1331250.0
CE,20181207,628200.0,628200.0,628200.0,628200.0
CE,20181210,1233675.0,1233675.0,1233675.0,1233675.0
CE,20181211,754650.000,754650.000,754650.000,754650.000
CE,20181212,-630150.000,-630150.000,-630150.000,-630150.000
CE,20181213,804600.000,804600.000,804600.000,804600.000
CE,20181217,-406575.0,-406575.0,-406575.0,-406575.0
CE,20181218,-368100.0,-368100.0,-368100.0,-368100.0
CE,20181219,-859650.0,-859650.0,-859650.0,-859650.0
CE,20181220,414975.0,414975.0,414975.0,414975.0
CE,20181221,1975500.000,1975500.000,1975500.000,1975500.000
CE,20181224,1392450.000,1392450.000,1392450.000,1392450.000
CE,20181226,-1285425.000,-1285425.000,-1285425.000,-1285425.000
CE,20181227,1443300.000,1443300.000,1443300.000,1443300.000
CE,20181228,606750.0,606750.0,606750.0,606750.0
CE,20181231,526575.0,526575.0,526575.0,526575.0
CE,20190101,225000.000,225000.000,225000.000,225000.000
CE,20190102,258450.0,258450.0,258450.0,258450.0
CE,20190102,472350.0,472350.0,472350.0,472350.0
CE,20190103,849150.0,849150.0,849150.0,849150.0
CE,20190104,720150.0,720150.0,720150.0,720150.0
CE,20190107,243300.0,243300.0,243300.0,243300.0
CE,20190108,-137325.0,-137325.0,-137325.0,-137325.0
CE,20190109,402975.0,402975.0,402975.0,402975.0
CE,20190110,394425.000,394425.000,394425.000,394425.000
CE,20190111,650100.000,650100.000,650100.000,650100.000
CE,20190114,553875.0,553875.0,553875.0,553875.0
CE,20190115,-787500.000,-787500.000,-787500.000,-787500.000
CE,20190116,-366600.000,-366600.000,-366600.000,-366600.000
CE,20190117,-387975.000,-387975.000,-387975.000,-387975.000
CE,20190118,-302850.000,-302850.000,-302850.000,-302850.000
CE,20190121,345450.0,345450.0,345450.0,345450.0
CE,20190122,-259200.0,-259200.0,-259200.0,-259200.0
CE,20190123,1001325.0,1001325.0,1001325.0,1001325.0
CE,20190124,-261300.000,-261300.000,-261300.000,-261300.000
CE,20190125,819000.000,819000.000,819000.000,819000.000
CE,20190128,1654725.0,1654725.0,1654725.0,1654725.0
CE,20190129,-852375.000,-852375.000,-852375.000,-852375.000
CE,20190130,-801000.0,-801000.0,-801000.0,-801000.0
CE,20190131,-2805075.000,-2805075.000,-2805075.000,-2805075.000
CE,20190201,715575.0,715575.0,715575.0,715575.0
CE,20190204,313125.0,313125.0,313125.0,313125.0
CE,20190206,-261600.0,-261600.0,-261600.0,-261600.0
CE,20190208,421950.0,421950.0,421950.0,421950.0
CE,20190208,764925.0,764925.0,764925.0,764925.0
CE,20190211,360525.000,360525.000,360525.000,360525.000
CE,20190212,431175.000,431175.000,431175.000,431175.000
CE,20190213,460350.000,460350.000,460350.000,460350.000
CE,20190214,1002675.000,1002675.000,1002675.000,1002675.000
CE,20190215,563850.0,563850.0,563850.0,563850.0
CE,20190218,622125.000,622125.000,622125.000,622125.000
CE,20190219,332400.000,332400.000,332400.000,332400.000
CE,20190220,-292350.000,-292350.000,-292350.000,-292350.000
CE,20190221,413625.000,413625.000,413625.000,413625.000
CE,20190222,261525.000,261525.000,261525.000,261525.000
CE,20190226,-666750.0,-666750.0,-666750.0,-666750.0
CE,20190226,701175.0,701175.0,701175.0,701175.0
CE,20190228,1858950.000,1858950.000,1858950.000,1858950.000
CE,20190301,300075.0,300075.0,300075.0,300075.0
CE,20190306,324150.0,324150.0,324150.0,324150.0
CE,20190307,349125.000,349125.000,349125.000,349125.000
CE,20190308,166050.000,166050.000,166050.000,166050.000
CE,20190312,429075.0,429075.0,429075.0,429075.0
CE,20190313,393525.0,393525.0,393525.0,393525.0
CE,20190314,488250.000,488250.000,488250.000,488250.000
CE,20190315,627000.0,627000.0,627000.0,627000.0
CE,20190318,748875.0,748875.0,748875.0,748875.0
CE,20190319,-279600.000,-279600.000,-279600.000,-279600.000
CE,20190320,814950.000,814950.000,814950.000,814950.000
CE,20190322,1585875.0,1585875.0,1585875.0,1585875.0
CE,20190325,1266750.0,1266750.0,1266750.0,1266750.0
CE,20190326,-1047075.0,-1047075.0,-1047075.0,-1047075.0
CE,20190327,1184775.000,1184775.000,1184775.000,1184775.000
CE,20190328,-2606025.000,-2606025.000,-2606025.000,-2606025.000
CE,20190329,406125.0,406125.0,406125.0,406125.0
CE,20190330,296850.000,296850.000,296850.000,296850.000
CE,20190401,540075.0,540075.0,540075.0,540075.0
CE,20190402,192900.0,192900.0,192900.0,192900.0
CE,20190405,-108525.0,-108525.0,-108525.0,-108525.0
CE,20190408,458550.0,458550.0,458550.0,458550.0
CE,20190410,348750.000,348750.000,348750.000,348750.000
CE,20190411,469350.0,469350.0,469350.0,469350.0
CE,20190418,699300.0,699300.0,699300.0,699300.0
CE,20190422,2902950.0,2902950.0,2902950.0,2902950.0
CE,20190425,1306950.0,1306950.0,1306950.0,1306950.0
CE,20190502,173250.0,173250.0,173250.0,173250.0
CE,20190503,243000.0,243000.0,243000.0,243000.0
CE,20190506,267225.0,267225.0,267225.0,267225.0
CE,20190507,188550.0,188550.0,188550.0,188550.0
CE,20190508,188550.0,188550.0,188550.0,188550.0
CE,20190508,185700.0,185700.0,185700.0,185700.0
CE,20190509,167850.000,167850.000,167850.000,167850.000
CE,20190514,457500.0,457500.0,457500.0,457500.0
CE,20190516,260475.0,260475.0,260475.0,260475.0
CE,20190517,466800.0,466800.0,466800.0,466800.0
CE,20190527,-430725.0,-430725.0,-430725.0,-430725.0
CE,20190528,-590250.0,-590250.0,-590250.0,-590250.0
CE,20190624,916050.0,916050.0,916050.0,916050.0
CE,20190625,-976875.0,-976875.0,-976875.0,-976875.0
CE,20190626,-1055100.0,-1055100.0,-1055100.0,-1055100.0
CE,20190627,-1007775.0,-1007775.0,-1007775.0,-1007775.0
CE,20190628,265200.0,265200.0,265200.0,265200.0
CE,20190701,228000.000,228000.000,228000.000,228000.000
CE,20190702,143250.000,143250.000,143250.000,143250.000
CE,20190703,105225.000,105225.000,105225.000,105225.000
CE,20190705,648225.0,648225.0,648225.0,648225.0
CE,20190708,1025550.0,1025550.0,1025550.0,1025550.0
CE,20190709,416775.0,416775.0,416775.0,416775.0
CE,20190711,-272475.000,-272475.000,-272475.000,-272475.000
CE,20190712,294750.000,294750.000,294750.000,294750.000
CE,20190715,110250.000,110250.000,110250.000,110250.000
CE,20190716,-108075.000,-108075.000,-108075.000,-108075.000
CE,20190717,-222525.000,-222525.000,-222525.000,-222525.000
CE,20190718,1323375.000,1323375.000,1323375.000,1323375.000
CE,20190719,2453250.000,2453250.000,2453250.000,2453250.000
CE,20190722,-935850.0,-935850.0,-935850.0,-935850.0
CE,20190723,-935850.0,-935850.0,-935850.0,-935850.0
CE,20190724,1797975.0,1797975.0,1797975.0,1797975.0
CE,20190726,362100.0,362100.0,362100.0,362100.0
CE,20190729,379725.000,379725.000,379725.000,379725.000
CE,20190730,573525.000,573525.000,573525.000,573525.000
CE,20190731,360150.000,360150.000,360150.000,360150.000
CE,20190801,652200.000,652200.000,652200.000,652200.000
CE,20190802,462525.0,462525.0,462525.0,462525.0
CE,20190805,845100.0,845100.0,845100.0,845100.0
CE,20190806,141975.0,141975.0,141975.0,141975.0
CE,20190807,356025.000,356025.000,356025.000,356025.000
CE,20190808,-130425.000,-130425.000,-130425.000,-130425.000
CE,20190809,299175.000,299175.000,299175.000,299175.000
CE,20190813,504075.0,504075.0,504075.0,504075.0
CE,20190814,129525.000,129525.000,129525.000,129525.000
CE,20190816,178425.000,178425.000,178425.000,178425.000
CE,20190819,250875.0,250875.0,250875.0,250875.0
CE,20190820,211800.000,211800.000,211800.000,211800.000
CE,20190822,1596825.0,1596825.0,1596825.0,1596825.0
CE,20190823,-229500.000,-229500.000,-229500.000,-229500.000
CE,20190826,-772125.000,-772125.000,-772125.000,-772125.000
CE,20190827,-719325.000,-719325.000,-719325.000,-719325.000
CE,20190828,1412025.000,1412025.000,1412025.000,1412025.000
CE,20190829,1328775.000,1328775.000,1328775.000,1328775.000
CE,20190830,246750.0,246750.0,246750.0,246750.0
CE,20190903,582075.000,582075.000,582075.000,582075.000
CE,20190904,389325.0,389325.0,389325.0,389325.0
CE,20190906,-269250.0,-269250.0,-269250.0,-269250.0
CE,20190909,105450.0,105450.0,105450.0,105450.0
CE,20190911,639225.000,639225.000,639225.000,639225.000
CE,20190912,382275.0,382275.0,382275.0,382275.0
CE,20190913,697050.0,697050.0,697050.0,697050.0
CE,20190916,505875.0,505875.0,505875.0,505875.0
CE,20190917,1271925.0,1271925.0,1271925.0,1271925.0
CE,20190923,1246575.0,1246575.0,1246575.0,1246575.0
CE,20190924,732825.0,732825.0,732825.0,732825.0
CE,20190925,1660875.0,1660875.0,1660875.0,1660875.0
CE,20190926,-1902825.0,-1902825.0,-1902825.0,-1902825.0
CE,20190926,-1902825.0,-1902825.0,-1902825.0,-1902825.0
CE,20190927,323700.0,323700.0,323700.0,323700.0
CE,20190930,250350.0,250350.0,250350.0,250350.0
CE,20191001,228900.000,228900.000,228900.000,228900.000
CE,20191003,396750.0,396750.0,396750.0,396750.0
CE,20191004,439125.0,439125.0,439125.0,439125.0
CE,20191007,324225.000,324225.000,324225.000,324225.000
CE,20191009,541200.0,541200.0,541200.0,541200.0
CE,20191010,366375.000,366375.000,366375.000,366375.000
CE,20191011,-93600.000,-93600.000,-93600.000,-93600.000
CE,20191015,-178350.0,-178350.0,-178350.0,-178350.0
CE,20191016,-129300.0,-129300.0,-129300.0,-129300.0
CE,20191017,259500.0,259500.0,259500.0,259500.0
CE,20191018, NaN
 300
 300
 300
 NaN
 300
 NaN
 NaN
 NaN
 NaN
 NaN
 NaN
 NaN
 NaN
 NaN
 NaN
 NaN
 NaN
 NaN
 NaN
 NaN, NaN
 300
 300
 300
 NaN
 300
 NaN
 NaN
 NaN
 NaN
 NaN
 NaN
 NaN
 NaN
 NaN
 NaN
 NaN
 NaN
 NaN
 NaN
 NaN, NaN
 300
 300
 300
 NaN
 300
 NaN
 NaN
 NaN
 NaN
 NaN
 NaN
 NaN
 NaN
 NaN
 NaN
 NaN
 NaN
 NaN
 NaN
 NaN, NaN
 300
 300
 300
 NaN
 300
 NaN
 NaN
 NaN
 NaN
 NaN
 NaN
 NaN
 NaN
 NaN
 NaN
 NaN
 NaN
 NaN
 NaN
 NaN
CE,20191018, NaN
 300
 300
 300
 NaN
 300
 NaN
 NaN
 NaN
 NaN
 NaN
 NaN
 NaN
 NaN
 NaN
 NaN
 NaN
 NaN
 NaN
 NaN
 NaN, NaN
 300
 300
 300
 NaN
 300
 NaN
 NaN
 NaN
 NaN
 NaN
 NaN
 NaN
 NaN
 NaN
 NaN
 NaN
 NaN
 NaN
 NaN
 NaN, NaN
 300
 300
 300
 NaN
 300
 NaN
 NaN
 NaN
 NaN
 NaN
 NaN
 NaN
 NaN
 NaN
 NaN
 NaN
 NaN
 NaN
 NaN
 NaN, NaN
 300
 300
 300
 NaN
 300
 NaN
 NaN
 NaN
 NaN
 NaN
 NaN
 NaN
 NaN
 NaN
 NaN
 NaN
 NaN
 NaN
 NaN
 NaN
CE,20191019, 319200, 319200, 319200, 319200
CE,20191019, 319200, 319200, 319200, 319200
CE,20191019, 319200, 319200, 319200, 319200
CE,20191021, 319200, 319200, 319200, 319200
CE,20191022, 570825, 570825, 570825, 570825
CE,20191023, 209475, 209475, 209475, 209475
CE,20191024, 199050, 199050, 199050, 199050
CE,20191024, 199050, 199050, 199050, 199050
CE,20191024, 730200, 730200, 730200, 730200
CE,20191025,448950.000,448950.000,448950.000,448950.000
CE,20191029, 706650, 706650, 706650, 706650
CE,20191030,770250.000,770250.000,770250.000,770250.000
CE,20191031,1205100.000,1205100.000,1205100.000,1205100.000
CE,20191106, 109950, 109950, 109950, 109950
CE,20191106, 205275, 205275, 205275, 205275
CE,20191107,145200.000,145200.000,145200.000,145200.000
CE,20191108, 129375, 129375, 129375, 129375
CE,20191111, 194025, 194025, 194025, 194025
CE,20191113, 221175, 221175, 221175, 221175
CE,20191114, 257325, 257325, 257325, 257325
CE,20191115,145800.000,145800.000,145800.000,145800.000
CE,20191118, 189300, 189300, 189300, 189300
CE,20191119,143925.000,143925.000,143925.000,143925.000
CE,20191120,302775.000,302775.000,302775.000,302775.000
CE,20191121,1361775.000,1361775.000,1361775.000,1361775.000
CE,20191122,1245525.000,1245525.000,1245525.000,1245525.000
CE,20191125, 1.89442e+06, 1.89442e+06, 1.89442e+06, 1.89442e+06
CE,20191126,677025.000,677025.000,677025.000,677025.000
CE,20191127,350025.000,350025.000,350025.000,350025.000
CE,20191128,1597575.000,1597575.000,1597575.000,1597575.000
CE,20191129, 469050, 469050, 469050, 469050
CE,20191130,371175.000,371175.000,371175.000,371175.000
CE,20191202,171525.000,171525.000,171525.000,171525.000
CE,20191203,264900.000,264900.000,264900.000,264900.000
CE,20191204, 183450, 183450, 183450, 183450
CE,20191205,183225.000,183225.000,183225.000,183225.000
CE,20191206, 396825, 396825, 396825, 396825
CE,20191207,369825.000,369825.000,369825.000,369825.000
CE,20191208, 369825, 369825, 369825, 369825
CE,20191209,147075.000,147075.000,147075.000,147075.000
CE,20191210,435900.000,435900.000,435900.000,435900.000
CE,20191211,217425.000,217425.000,217425.000,217425.000
CE,20191212,211200.000,211200.000,211200.000,211200.000
CE,20191213,240750.000,240750.000,240750.000,240750.000
CE,20191216, 465525, 465525, 465525, 465525
CE,20191217,421275.000,421275.000,421275.000,421275.000
CE,20191218,206175.000,206175.000,206175.000,206175.000
CE,20191219, 687375, 687375, 687375, 687375
CE,20191220,508950.000,508950.000,508950.000,508950.000
CE,20191223,679875.000,679875.000,679875.000,679875.000
CE,20191224,1258275.000,1258275.000,1258275.000,1258275.000
CE,20191226,2652900.000,2652900.000,2652900.000,2652900.000
CE,20191227, 485625, 485625, 485625, 485625
CE,20191230,195150.000,195150.000,195150.000,195150.000
CE,20191231,274875.000,274875.000,274875.000,274875.000
CE,20200101, 427650, 427650, 427650, 427650
CE,20200102,151800.000,151800.000,151800.000,151800.000
CE,20200103,334050.000,334050.000,334050.000,334050.000
CE,20200106, 789900, 789900, 789900, 789900
CE,20200107, 139725, 139725, 139725, 139725
CE,20200108, 243600, 243600, 243600, 243600
CE,20200109,220875.000,220875.000,220875.000,220875.000
CE,20200110,428925.000,428925.000,428925.000,428925.000
CE,20200113,230550.000,230550.000,230550.000,230550.000
CE,20200114,199050.000,199050.000,199050.000,199050.000
CE,20200115,144675.000,144675.000,144675.000,144675.000
CE,20200116,264600.000,264600.000,264600.000,264600.000
CE,20200117,156825.000,156825.000,156825.000,156825.000
CE,20200120,900450.000,900450.000,900450.000,900450.000
CE,20200121,459975.000,459975.000,459975.000,459975.000
CE,20200122,1163475.000,1163475.000,1163475.000,1163475.000
CE,20200123,484200.000,484200.000,484200.000,484200.000
CE,20200124,538425.000,538425.000,538425.000,538425.000
CE,20200127, 3.06405e+06, 3.06405e+06, 3.06405e+06, 3.06405e+06
CE,20200128,2251275.000,2251275.000,2251275.000,2251275.000
CE,20200129, 1.54035e+06, 1.54035e+06, 1.54035e+06, 1.54035e+06
CE,20200130,3551025.000,3551025.000,3551025.000,3551025.000
CE,20200131, 370050, 370050, 370050, 370050
CE,20200203,500550.000,500550.000,500550.000,500550.000
CE,20200204,258000.000,258000.000,258000.000,258000.000
CE,20200205,397050.000,397050.000,397050.000,397050.000
CE,20200206,455700.000,455700.000,455700.000,455700.000
CE,20200207,277950.000,277950.000,277950.000,277950.000
CE,20200210,356925.000,356925.000,356925.000,356925.000
CE,20200211,245100.000,245100.000,245100.000,245100.000
CE,20200212,128625.000,128625.000,128625.000,128625.000
CE,20200213,245025.000,245025.000,245025.000,245025.000
CE,20200214,377850.000,377850.000,377850.000,377850.000
CE,20200217, 554325, 554325, 554325, 554325
CE,20200218,842400.000,842400.000,842400.000,842400.000
CE,20200219,708300.000,708300.000,708300.000,708300.000
CE,20200220,1371075.000,1371075.000,1371075.000,1371075.000
CE,20200221,1328475.000,1328475.000,1328475.000,1328475.000
CE,20200224, 3.47888e+06, 3.47888e+06, 3.47888e+06, 3.47888e+06
CE,20200225, 1.3071e+06, 1.3071e+06, 1.3071e+06, 1.3071e+06
CE,20200226,1505325.000,1505325.000,1505325.000,1505325.000
CE,20200227,3460650.000,3460650.000,3460650.000,3460650.000
CE,20200228,1034850.000,1034850.000,1034850.000,1034850.000
CE,20200302,198075.000,198075.000,198075.000,198075.000
CE,20200303,499350.000,499350.000,499350.000,499350.000
CE,20200304,252750.000,252750.000,252750.000,252750.000
CE,20200305, 116550, 116550, 116550, 116550
CE,20200309,630000.000,630000.000,630000.000,630000.000
CE,20200311, 235950, 235950, 235950, 235950
CE,20200312,819150.000,819150.000,819150.000,819150.000
CE,20200313, 469050, 469050, 469050, 469050
CE,20200316,347475.000,347475.000,347475.000,347475.000
CE,20200317,146100.000,146100.000,146100.000,146100.000
CE,20200318,331275.000,331275.000,331275.000,331275.000
CE,20200319, 473100, 473100, 473100, 473100
CE,20200320,359025.000,359025.000,359025.000,359025.000
CE,20200323,681225.000,681225.000,681225.000,681225.000
CE,20200324,177750.000,177750.000,177750.000,177750.000
CE,20200326,1374450.000,1374450.000,1374450.000,1374450.000
CE,20200327, 148050, 148050, 148050, 148050
CE,20200330, 212625, 212625, 212625, 212625
CE,20200331,93150.000,93150.000,93150.000,93150.000
CE,20200403, 174825, 174825, 174825, 174825
CE,20200407,167550.000,167550.000,167550.000,167550.000
CE,20200408,143175.000,143175.000,143175.000,143175.000
CE,20200409,222225.000,222225.000,222225.000,222225.000
CE,20200413,202800.000,202800.000,202800.000,202800.000
CE,20200415, 143625, 143625, 143625, 143625
CE,20200416,104850.000,104850.000,104850.000,104850.000
CE,20200417,176550.000,176550.000,176550.000,176550.000
CE,20200420, 299100, 299100, 299100, 299100
CE,20200421, 317175, 317175, 317175, 317175
CE,20200422,174900.000,174900.000,174900.000,174900.000
CE,20200423,305175.000,305175.000,305175.000,305175.000
CE,20200424,533400.000,533400.000,533400.000,533400.000
CE,20200427,426675.000,426675.000,426675.000,426675.000
CE,20200428,275400.000,275400.000,275400.000,275400.000
CE,20200429,755025.000,755025.000,755025.000,755025.000
CE,20200430, 2.37825e+06, 2.37825e+06, 2.37825e+06, 2.37825e+06
CE,20200623, 910350, 910350, 910350, 910350
CE,20200624,1574475.000,1574475.000,1574475.000,1574475.000
CE,20200625,2495700.000,2495700.000,2495700.000,2495700.000
CE,20200626,267750.000,267750.000,267750.000,267750.000
CE,20200629,292350.000,292350.000,292350.000,292350.000
CE,20200630,125025.000,125025.000,125025.000,125025.000
CE,20200701,158550.000,158550.000,158550.000,158550.000
CE,20200702,254475.000,254475.000,254475.000,254475.000
CE,20200703, 157950, 157950, 157950, 157950
CE,20200706, 230850, 230850, 230850, 230850
CE,20200707,158250.000,158250.000,158250.000,158250.000
CE,20200708,194475.000,194475.000,194475.000,194475.000
CE,20200709,212175.000,212175.000,212175.000,212175.000
CE,20200710,250050.000,250050.000,250050.000,250050.000
CE,20200713, 228825, 228825, 228825, 228825
CE,20200714,350250.000,350250.000,350250.000,350250.000
CE,20200715,273075.000,273075.000,273075.000,273075.000
CE,20200716,178650.000,178650.000,178650.000,178650.000
CE,20200717,201525.000,201525.000,201525.000,201525.000
CE,20200720,219675.000,219675.000,219675.000,219675.000
CE,20200721,343725.000,343725.000,343725.000,343725.000
CE,20200722, 389925, 389925, 389925, 389925
CE,20200723,975300.000,975300.000,975300.000,975300.000
CE,20200724,857100.000,857100.000,857100.000,857100.000
CE,20200727,1465500.000,1465500.000,1465500.000,1465500.000
CE,20200728,1860150.000,1860150.000,1860150.000,1860150.000
CE,20200729,2515125.000,2515125.000,2515125.000,2515125.000
CE,20200730,3416925.000,3416925.000,3416925.000,3416925.000
CE,20200804, 226050, 226050, 226050, 226050
CE,20200805,173850.000,173850.000,173850.000,173850.000
CE,20200806,88575.000,88575.000,88575.000,88575.000
CE,20200807,106350.000,106350.000,106350.000,106350.000
CE,20200810,103500.000,103500.000,103500.000,103500.000
CE,20200811,183600.000,183600.000,183600.000,183600.000
CE,20200812,177600.000,177600.000,177600.000,177600.000
CE,20200813,307500.000,307500.000,307500.000,307500.000
CE,20200814, 282525, 282525, 282525, 282525
CE,20200817,305850.000,305850.000,305850.000,305850.000
CE,20200818,201300.000,201300.000,201300.000,201300.000
CE,20200819,385125.000,385125.000,385125.000,385125.000
CE,20200820,1000800.000,1000800.000,1000800.000,1000800.000
CE,20200821,714375.000,714375.000,714375.000,714375.000
CE,20200824,477225.000,477225.000,477225.000,477225.000
CE,20200825, 852450, 852450, 852450, 852450
CE,20200825,852450.000,852450.000,852450.000,852450.000
CE,20200826, 924450, 924450, 924450, 924450
CE,20200917, 1.28025e+06, 1.28025e+06, 1.28025e+06, 1.28025e+06
CE,20200918,989100.000,989100.000,989100.000,989100.000
CE,20200921,2475675.000,2475675.000,2475675.000,2475675.000
CE,20200922,1986900.000,1986900.000,1986900.000,1986900.000
CE,20200923,1667250.000,1667250.000,1667250.000,1667250.000
CE,20200924,4488825.000,4488825.000,4488825.000,4488825.000
CE,20200925,144450.000,144450.000,144450.000,144450.000
CE,20200928,282975.000,282975.000,282975.000,282975.000
CE,20200929, 125925, 125925, 125925, 125925
CE,20200930,104025.000,104025.000,104025.000,104025.000
CE,20201001,215925.000,215925.000,215925.000,215925.000
CE,20201005,233025.000,233025.000,233025.000,233025.000
CE,20201006,309825.000,309825.000,309825.000,309825.000
CE,20201008, 199425, 199425, 199425, 199425
CE,20201009, 251850, 251850, 251850, 251850
CE,20201012, 249225, 249225, 249225, 249225
CE,20201013, 109650, 109650, 109650, 109650
CE,20201014, 92100, 92100, 92100, 92100
CE,20201015,651150.000,651150.000,651150.000,651150.000
CE,20201016,258900.000,258900.000,258900.000,258900.000
CE,20201019,452850.000,452850.000,452850.000,452850.000
CE,20201020,78975.000,78975.000,78975.000,78975.000
CE,20201021,223575.000,223575.000,223575.000,223575.000
CE,20201022,973725.000,973725.000,973725.000,973725.000
CE,20201023, 974625, 974625, 974625, 974625
CE,20201026, 2.02995e+06, 2.02995e+06, 2.02995e+06, 2.02995e+06
CE,20201027,1235175.000,1235175.000,1235175.000,1235175.000
CE,20201028,2177175.000,2177175.000,2177175.000,2177175.000
CE,20201029,430800.000,430800.000,430800.000,430800.000
CE,20201030,244125.000,244125.000,244125.000,244125.000
CE,20201102,205950.000,205950.000,205950.000,205950.000
CE,20201103,157050.000,157050.000,157050.000,157050.000
CE,20201105,242925.000,242925.000,242925.000,242925.000
CE,20201106,385650.000,385650.000,385650.000,385650.000
CE,20201109, 412575, 412575, 412575, 412575
CE,20201109,412575.000,412575.000,412575.000,412575.000
CE,20201110,994500.000,994500.000,994500.000,994500.000
CE,20201110,994500.000,994500.000,994500.000,994500.000
CE,20201112, 346950, 346950, 346950, 346950
CE,20201113, 158475, 158475, 158475, 158475
CE,20201117,239625.000,239625.000,239625.000,239625.000
CE,20201118,666900.000,666900.000,666900.000,666900.000
CE,20201119,1832925.000,1832925.000,1832925.000,1832925.000
CE,20201120,631200.000,631200.000,631200.000,631200.000
CE,20201123, 826050, 826050, 826050, 826050
CE,20201124,1006575.000,1006575.000,1006575.000,1006575.000
CE,20201125,2000775.000,2000775.000,2000775.000,2000775.000
CE,20201127,244425.000,244425.000,244425.000,244425.000
CE,20201201,249975.000,249975.000,249975.000,249975.000
CE,20201203,192225.000,192225.000,192225.000,192225.000
CE,20201207,151050.000,151050.000,151050.000,151050.000
CE,20201208,117600.000,117600.000,117600.000,117600.000
CE,20201209,113400.000,113400.000,113400.000,113400.000
CE,20201210,306750.000,306750.000,306750.000,306750.000
CE,20201211,203100.000,203100.000,203100.000,203100.000
CE,20201214,256050.000,256050.000,256050.000,256050.000
CE,20201215,85125.000,85125.000,85125.000,85125.000
CE,20201216,187800.000,187800.000,187800.000,187800.000
CE,20201217,359475.000,359475.000,359475.000,359475.000
CE,20201218,265725.000,265725.000,265725.000,265725.000
CE,20201221, 466575, 466575, 466575, 466575
CE,20201222,365475.000,365475.000,365475.000,365475.000
CE,20201223,581550.000,581550.000,581550.000,581550.000
CE,20201224,957975.000,957975.000,957975.000,957975.000
CE,20201228,1255800.000,1255800.000,1255800.000,1255800.000
CE,20201229,1809900.000,1809900.000,1809900.000,1809900.000
CE,20201230,608550.000,608550.000,608550.000,608550.000
CE,20201231,1914000.000,1914000.000,1914000.000,1914000.000
CE,20210101,238500.000,238500.000,238500.000,238500.000
CE,20210104, 159450, 159450, 159450, 159450
CE,20210105, 134925, 134925, 134925, 134925
CE,20210106, 317850, 317850, 317850, 317850
CE,20210107,269550.000,269550.000,269550.000,269550.000
CE,20210108, 242400, 242400, 242400, 242400
CE,20210111,406275.000,406275.000,406275.000,406275.000
CE,20210112,181425.000,181425.000,181425.000,181425.000
CE,20210113,244275.000,244275.000,244275.000,244275.000
CE,20210114,248625.000,248625.000,248625.000,248625.000
CE,20210115,365850.000,365850.000,365850.000,365850.000
CE,20210118,399300.000,399300.000,399300.000,399300.000
CE,20210119,429000.000,429000.000,429000.000,429000.000
CE,20210120,3414675,3414675,3414675,3414675
CE,20210121,2361525,2361525,2361525,2361525
CE,20210122,3347400,3347400,3347400,3347400
CE,20210125,3962100,3962100,3962100,3962100
CE,20210127,4036875,4036875,4036875,4036875
CE,20210128,614550,614550,614550,614550
CE,20210129,713550,713550,713550,713550
CE,20210201,858450,858450,858450,858450
CE,20210202,1097925,1097925,1097925,1097925
CE,20210203,911100,911100,911100,911100
CE,20210204,626025,626025,626025,626025
CE,20210208,1941075,1941075,1941075,1941075
CE,20210209,871875,871875,871875,871875
CE,20210210,1046550,1046550,1046550,1046550
CE,20210211,1110450,1110450,1110450,1110450
CE,20210215,357075,357075,357075,357075
CE,20210216,807900,807900,807900,807900
CE,20210217,1205925,1205925,1205925,1205925
CE,20210218,2619900,2619900,2619900,2619900
CE,20210219,3407175,3407175,3407175,3407175
CE,20210222,4931700,4931700,4931700,4931700
CE,20210223,2276625,2276625,2276625,2276625
CE,20210224,1492950,1492950,1492950,1492950
CE,20210225,965175,965175,965175,965175
CE,20210226,1602000,1602000,1602000,1602000
CE,20210301,351750,351750,351750,351750
CE,20210302,1690350,1690350,1690350,1690350
CE,20210303,1277775,1277775,1277775,1277775
CE,20210304,1647450,1647450,1647450,1647450
CE,20210305,1822350,1822350,1822350,1822350
CE,20210309,594300,594300,594300,594300
CE,20210310,1149000,1149000,1149000,1149000
CE,20210315,603300,603300,603300,603300
CE,20210316,1841925,1841925,1841925,1841925
CE,20210317,2453625,2453625,2453625,2453625
CE,20210318,3916800,3916800,3916800,3916800
CE,20210319,2323800,2323800,2323800,2323800
CE,20210322,4271400,4271400,4271400,4271400
CE,20210323,1146525,1146525,1146525,1146525
CE,20210324,3951450,3951450,3951450,3951450
CE,20210325,1230300,1230300,1230300,1230300
CE,20210326,559275,559275,559275,559275
CE,20210330,629775,629775,629775,629775
CE,20210331,918225,918225,918225,918225
CE,20210405,780750,780750,780750,780750
CE,20210406,2132850,2132850,2132850,2132850
CE,20210407,721725,721725,721725,721725
CE,20210408,739575,739575,739575,739575
CE,20210412,1467600,1467600,1467600,1467600
CE,20210415,1213875,1213875,1213875,1213875
CE,20210416,1015200,1015200,1015200,1015200
CE,20210419,619800,619800,619800,619800
CE,20210422,4143675,4143675,4143675,4143675
CE,20210423,3315075,3315075,3315075,3315075
CE,20210426,2724600,2724600,2724600,2724600
CE,20210427,2312400,2312400,2312400,2312400
CE,20210428,3553650,3553650,3553650,3553650
CE,20210429,1996350,1996350,1996350,1996350
CE,20210430,820350,820350,820350,820350
CE,20210503,1394850,1394850,1394850,1394850
CE,20210504,2555700,2555700,2555700,2555700
CE,20210505,749400,749400,749400,749400
CE,20210506,1038300,1038300,1038300,1038300
CE,20210507,652350,652350,652350,652350
CE,20210510,832725,832725,832725,832725
CE,20210511,1428225,1428225,1428225,1428225
CE,20210512,2160300,2160300,2160300,2160300
CE,20210514,1080975,1080975,1080975,1080975
CE,20210517,2383050,2383050,2383050,2383050
CE,20210518,1063425,1063425,1063425,1063425
CE,20210519,1587675,1587675,1587675,1587675
CE,20210520,4085400,4085400,4085400,4085400
CE,20210521,2903700,2903700,2903700,2903700
CE,20210524,3663825,3663825,3663825,3663825
CE,20210525,4661775,4661775,4661775,4661775
CE,20210526,1676025,1676025,1676025,1676025
CE,20210527,1001475,1001475,1001475,1001475
CE,20210531,411825,411825,411825,411825
CE,20210601,928650,928650,928650,928650
CE,20210602,866625,866625,866625,866625
CE,20210603,818475,818475,818475,818475
CE,20210604,2593950,2593950,2593950,2593950
CE,20210607,2411625,2411625,2411625,2411625
