PCROI,20191016,1.10,1.10,1.10,1.10
PCROI,20191017,1.14,1.14,1.14,1.14
PCROI,20191018,1.19,1.19,1.19,1.19
PCROI,20191021,1.19,1.19,1.19,1.19
PCROI,20191022,1.16,1.16,1.16,1.16
PCROI,20191023,1.42,1.42,1.42,1.42
PCROI,20191024,0.7,0.7,0.7,0.7
PCROI,20191024,0.7,0.7,0.7,0.7
PCROI,20191024,0.79,0.79,0.79,0.79
PCROI,20191025,0.8,0.8,0.8,0.8
PCROI,20191029,0.96,0.96,0.96,0.96
PCROI,20191030,0.98,0.98,0.98,0.98
PCROI,20191031,1.08,1.08,1.08,1.08
PCROI,20191101,1.12,1.12,1.12,1.12
PCROI,20191104,1.14,1.14,1.14,1.14
PCROI,20191106,0.93,0.93,0.93,0.93
PCROI,20191106,0.96,0.96,0.96,0.96
PCROI,20191107,0.92,0.92,0.92,0.92
PCROI,20191108,1.0,1.0,1.0,1.0
PCROI,20191111,0.95,0.95,0.95,0.95
PCROI,20191113,1.04,1.04,1.04,1.04
PCROI,20191114,1.07,1.07,1.07,1.07
PCROI,20191115,1.14,1.14,1.14,1.14
PCROI,20191118,1.13,1.13,1.13,1.13
PCROI,20191119,1.07,1.07,1.07,1.07
PCROI,20191120,1.19,1.19,1.19,1.19
PCROI,20191121,1.06,1.06,1.06,1.06
PCROI,20191122,0.85,0.85,0.85,0.85
PCROI,20191125,1.32,1.32,1.32,1.32
PCROI,20191126,1.13,1.13,1.13,1.13
PCROI,20191127,1.11,1.11,1.11,1.11
PCROI,20191128,1.25,1.25,1.25,1.25
PCROI,20191129,1.23,1.23,1.23,1.23
PCROI,20191130,1.22,1.22,1.22,1.22
PCROI,20191202,1.24,1.24,1.24,1.24
PCROI,20191203,1.4,1.4,1.4,1.4
PCROI,20191204,1.24,1.24,1.24,1.24
PCROI,20191205,1.25,1.25,1.25,1.25
PCROI,20191206,1.37,1.37,1.37,1.37
PCROI,20191207,1.37,1.37,1.37,1.37
PCROI,20191208,1.37,1.37,1.37,1.37
PCROI,20191209,1.39,1.39,1.39,1.39
PCROI,20191210,1.5,1.5,1.5,1.5
PCROI,20191211,1.31,1.31,1.31,1.31
PCROI,20191212,1.49,1.49,1.49,1.49
PCROI,20191213,1.52,1.52,1.52,1.52
PCROI,20191216,1.45,1.45,1.45,1.45
PCROI,20191217,1.41,1.41,1.41,1.41
PCROI,20191218,1.42,1.42,1.42,1.42
PCROI,20191219,1.45,1.45,1.45,1.45
PCROI,20191220,1.51,1.51,1.51,1.51
PCROI,20191223,1.37,1.37,1.37,1.37
PCROI,20191224,1.11,1.11,1.11,1.11
PCROI,20191226,0.93,0.93,0.93,0.93
PCROI,20191227,0.99,0.99,0.99,0.99
PCROI,20191230,1.01,1.01,1.01,1.01
PCROI,20191231,1.09,1.09,1.09,1.09
PCROI,20200101,1.09,1.09,1.09,1.09
PCROI,20200102,1.06,1.06,1.06,1.06
PCROI,20200103,1.06,1.06,1.06,1.06
PCROI,20200106,1.4,1.4,1.4,1.4
PCROI,20200107,1.35,1.35,1.35,1.35
PCROI,20200108,1.28,1.28,1.28,1.28
PCROI,20200109,1.12,1.12,1.12,1.12
PCROI,20200110,1.17,1.17,1.17,1.17
PCROI,20200113,1.13,1.13,1.13,1.13
PCROI,20200114,1.2,1.2,1.2,1.2
PCROI,20200115,1.17,1.17,1.17,1.17
PCROI,20200116,1.14,1.14,1.14,1.14
PCROI,20200117,1.16,1.16,1.16,1.16
PCROI,20200120,1.04,1.04,1.04,1.04
PCROI,20200121,1.03,1.03,1.03,1.03
PCROI,20200122,0.91,0.91,0.91,0.91
PCROI,20200123,1.04,1.04,1.04,1.04
PCROI,20200124,1.09,1.09,1.09,1.09
PCROI,20200127,0.89,0.89,0.89,0.89
PCROI,20200128,0.85,0.85,0.85,0.85
PCROI,20200129,0.84,0.84,0.84,0.84
PCROI,20200130,0.89,0.89,0.89,0.89
PCROI,20200131,1.32,1.32,1.32,1.32
PCROI,20200203,1.53,1.53,1.53,1.53
PCROI,20200204,1.18,1.18,1.18,1.18
PCROI,20200205,1.17,1.17,1.17,1.17
PCROI,20200206,1.03,1.03,1.03,1.03
PCROI,20200207,1.18,1.18,1.18,1.18
PCROI,20200210,1.16,1.16,1.16,1.16
PCROI,20200211,1.04,1.04,1.04,1.04
PCROI,20200212,1.02,1.02,1.02,1.02
PCROI,20200213,1.11,1.11,1.11,1.11
PCROI,20200214,1.02,1.02,1.02,1.02
PCROI,20200217,1.12,1.12,1.12,1.12
PCROI,20200218,1.07,1.07,1.07,1.07
PCROI,20200219,1.01,1.01,1.01,1.01
PCROI,20200220,1.03,1.03,1.03,1.03
PCROI,20200221,1.0,1.0,1.0,1.0
PCROI,20200224,0.96,0.96,0.96,0.96
PCROI,20200225,0.83,0.83,0.83,0.83
PCROI,20200226,0.94,0.94,0.94,0.94
PCROI,20200227,1.01,1.01,1.01,1.01
PCROI,20200228,1.77,1.77,1.77,1.77
PCROI,20200302,2.01,2.01,2.01,2.01
PCROI,20200303,1.48,1.48,1.48,1.48
PCROI,20200304,1.52,1.52,1.52,1.52
PCROI,20200305,1.61,1.61,1.61,1.61
PCROI,20200309,2.22,2.22,2.22,2.22
PCROI,20200311,1.88,1.88,1.88,1.88
PCROI,20200312,2.68,2.68,2.68,2.68
PCROI,20200313,1.35,1.35,1.35,1.35
PCROI,20200316,2.79,2.79,2.79,2.79
PCROI,20200317,3.47,3.47,3.47,3.47
PCROI,20200318,3.74,3.74,3.74,3.74
PCROI,20200319,2.33,2.33,2.33,2.33
PCROI,20200320,1.19,1.19,1.19,1.19
PCROI,20200323,1.48,1.48,1.48,1.48
PCROI,20200324,1.73,1.73,1.73,1.73
PCROI,20200326,0.9,0.9,0.9,0.9
PCROI,20200327,1.56,1.56,1.56,1.56
PCROI,20200330,2.44,2.44,2.44,2.44
PCROI,20200331,1.74,1.74,1.74,1.74
PCROI,20200403,2.71,2.71,2.71,2.71
PCROI,20200407,1.03,1.03,1.03,1.03
PCROI,20200408,1.11,1.11,1.11,1.11
PCROI,20200409,0.85,0.85,0.85,0.85
PCROI,20200413,1.23,1.23,1.23,1.23
PCROI,20200415,1.39,1.39,1.39,1.39
PCROI,20200416,1.36,1.36,1.36,1.36
PCROI,20200417,0.98,0.98,0.98,0.98
PCROI,20200420,1.09,1.09,1.09,1.09
PCROI,20200421,1.39,1.39,1.39,1.39
PCROI,20200422,1.1,1.1,1.1,1.1
PCROI,20200423,1.08,1.08,1.08,1.08
PCROI,20200424,0.99,0.99,0.99,0.99
PCROI,20200427,0.99,0.99,0.99,0.99
PCROI,20200428,1.08,1.08,1.08,1.08
PCROI,20200429,1.08,1.08,1.08,1.08
PCROI,20200430,1.12,1.12,1.12,1.12
PCROI,20200623,0.9,0.9,0.9,0.9
PCROI,20200624,0.81,0.81,0.81,0.81
PCROI,20200625,0.96,0.96,0.96,0.96
PCROI,20200626,1.34,1.34,1.34,1.34
PCROI,20200629,1.25,1.25,1.25,1.25
PCROI,20200630,1.32,1.32,1.32,1.32
PCROI,20200701,0.95,0.95,0.95,0.95
PCROI,20200702,0.95,0.95,0.95,0.95
PCROI,20200703,0.69,0.69,0.69,0.69
PCROI,20200706,0.72,0.72,0.72,0.72
PCROI,20200707,0.84,0.84,0.84,0.84
PCROI,20200708,0.81,0.81,0.81,0.81
PCROI,20200709,0.82,0.82,0.82,0.82
PCROI,20200710,1.0,1.0,1.0,1.0
PCROI,20200713,0.86,0.86,0.86,0.86
PCROI,20200714,1.02,1.02,1.02,1.02
PCROI,20200715,1.03,1.03,1.03,1.03
PCROI,20200716,0.96,0.96,0.96,0.96
PCROI,20200717,0.73,0.73,0.73,0.73
PCROI,20200720,0.77,0.77,0.77,0.77
PCROI,20200721,0.84,0.84,0.84,0.84
PCROI,20200722,0.79,0.79,0.79,0.79
PCROI,20200723,0.8,0.8,0.8,0.8
PCROI,20200724,0.9,0.9,0.9,0.9
PCROI,20200727,0.71,0.71,0.71,0.71
PCROI,20200728,0.95,0.95,0.95,0.95
PCROI,20200729,0.7,0.7,0.7,0.7
PCROI,20200730,0.73,0.73,0.73,0.73
PCROI,20200804,1.15,1.15,1.15,1.15
PCROI,20200805,1.12,1.12,1.12,1.12
PCROI,20200806,1.04,1.04,1.04,1.04
PCROI,20200807,1.11,1.11,1.11,1.11
PCROI,20200810,1.13,1.13,1.13,1.13
PCROI,20200811,1.0,1.0,1.0,1.0
PCROI,20200812,0.96,0.96,0.96,0.96
PCROI,20200813,0.93,0.93,0.93,0.93
PCROI,20200814,1.31,1.31,1.31,1.31
PCROI,20200817,1.13,1.13,1.13,1.13
PCROI,20200818,1.18,1.18,1.18,1.18
PCROI,20200819,0.97,0.97,0.97,0.97
PCROI,20200820,0.86,0.86,0.86,0.86
PCROI,20200821,0.99,0.99,0.99,0.99
PCROI,20200824,0.96,0.96,0.96,0.96
PCROI,20200825,0.89,0.89,0.89,0.89
PCROI,20200825,0.89,0.89,0.89,0.89
PCROI,20200826,1.05,1.05,1.05,1.05
PCROI,20200917,0.88,0.88,0.88,0.88
PCROI,20200918,0.81,0.81,0.81,0.81
PCROI,20200921,0.83,0.83,0.83,0.83
PCROI,20200922,0.88,0.88,0.88,0.88
PCROI,20200923,0.82,0.82,0.82,0.82
PCROI,20200924,0.76,0.76,0.76,0.76
PCROI,20200925,1.77,1.77,1.77,1.77
PCROI,20200928,1.07,1.07,1.07,1.07
PCROI,20200929,1.12,1.12,1.12,1.12
PCROI,20200930,1.13,1.13,1.13,1.13
PCROI,20201001,0.8,0.8,0.8,0.8
PCROI,20201005,0.84,0.84,0.84,0.84
PCROI,20201006,0.76,0.76,0.76,0.76
PCROI,20201008,0.8,0.8,0.8,0.8
PCROI,20201009,0.71,0.71,0.71,0.71
PCROI,20201012,0.74,0.74,0.74,0.74
PCROI,20201013,0.82,0.82,0.82,0.82
PCROI,20201014,0.87,0.87,0.87,0.87
PCROI,20201015,1.19,1.19,1.19,1.19
PCROI,20201016,1.02,1.02,1.02,1.02
PCROI,20201019,0.89,0.89,0.89,0.89
PCROI,20201020,0.98,0.98,0.98,0.98
PCROI,20201021,0.76,0.76,0.76,0.76
PCROI,20201022,0.94,0.94,0.94,0.94
PCROI,20201023,0.67,0.67,0.67,0.67
PCROI,20201026,0.78,0.78,0.78,0.78
PCROI,20201027,0.93,0.93,0.93,0.93
PCROI,20201028,0.79,0.79,0.79,0.79
PCROI,20201029,1.68,1.68,1.68,1.68
PCROI,20201030,1.55,1.55,1.55,1.55
PCROI,20201102,1.48,1.48,1.48,1.48
PCROI,20201103,1.17,1.17,1.17,1.17
PCROI,20201105,0.75,0.75,0.75,0.75
PCROI,20201106,0.72,0.72,0.72,0.72
PCROI,20201109,0.65,0.65,0.65,0.65
PCROI,20201109,0.65,0.65,0.65,0.65
PCROI,20201110,0.55,0.55,0.55,0.55
PCROI,20201110,0.55,0.55,0.55,0.55
PCROI,20201112,0.74,0.74,0.74,0.74
PCROI,20201113,0.73,0.73,0.73,0.73
PCROI,20201117,0.9,0.9,0.9,0.9
PCROI,20201118,0.75,0.75,0.75,0.75
PCROI,20201119,0.87,0.87,0.87,0.87
PCROI,20201120,0.91,0.91,0.91,0.91
PCROI,20201123,0.8,0.8,0.8,0.8
PCROI,20201124,1.03,1.03,1.03,1.03
PCROI,20201125,0.83,0.83,0.83,0.83
PCROI,20201127,1.1,1.1,1.1,1.1
PCROI,20201201,0.85,0.85,0.85,0.85
PCROI,20201203,0.93,0.93,0.93,0.93
PCROI,20201207,0.88,0.88,0.88,0.88
PCROI,20201208,1.01,1.01,1.01,1.01
PCROI,20201209,0.83,0.83,0.83,0.83
PCROI,20201210,0.95,0.95,0.95,0.95
PCROI,20201211,0.94,0.94,0.94,0.94
PCROI,20201214,1.02,1.02,1.02,1.02
PCROI,20201215,1.08,1.08,1.08,1.08
PCROI,20201216,1.06,1.06,1.06,1.06
PCROI,20201217,1.06,1.06,1.06,1.06
PCROI,20201218,1.11,1.11,1.11,1.11
PCROI,20201221,1.55,1.55,1.55,1.55
PCROI,20201222,1.14,1.14,1.14,1.14
PCROI,20201223,0.85,0.85,0.85,0.85
PCROI,20201224,0.85,0.85,0.85,0.85
PCROI,20201228,0.86,0.86,0.86,0.86
PCROI,20201229,0.65,0.65,0.65,0.65
PCROI,20201230,0.87,0.87,0.87,0.87
PCROI,20201231,0.81,0.81,0.81,0.81
PCROI,20210101,0.98,0.98,0.98,0.98
PCROI,20210104,0.86,0.86,0.86,0.86
PCROI,20210105,1.0,1.0,1.0,1.0
PCROI,20210106,0.98,0.98,0.98,0.98
PCROI,20210107,1.0,1.0,1.0,1.0
PCROI,20210108,0.88,0.88,0.88,0.88
PCROI,20210111,0.83,0.83,0.83,0.83
PCROI,20210112,0.85,0.85,0.85,0.85
PCROI,20210113,0.87,0.87,0.87,0.87
PCROI,20210114,0.89,0.89,0.89,0.89
PCROI,20210115,0.94,0.94,0.94,0.94
PCROI,20210118,1.22,1.22,1.22,1.22
PCROI,20210119,0.75,0.75,0.75,0.75
PCROI,20210120,0.62,0.62,0.62,0.62
PCROI,20210121,0.78,0.78,0.78,0.78
PCROI,20210122,0.8,0.8,0.8,0.8
PCROI,20210125,0.72,0.72,0.72,0.72
PCROI,20210127,0.86,0.86,0.86,0.86
PCROI,20210128,2.14,2.14,2.14,2.14
PCROI,20210129,2.05,2.05,2.05,2.05
PCROI,20210201,0.86,0.86,0.86,0.86
PCROI,20210202,0.68,0.68,0.68,0.68
PCROI,20210203,0.6,0.6,0.6,0.6
PCROI,20210204,0.71,0.71,0.71,0.71
PCROI,20210208,0.56,0.56,0.56,0.56
PCROI,20210209,0.68,0.68,0.68,0.68
PCROI,20210210,0.63,0.63,0.63,0.63
PCROI,20210211,0.72,0.72,0.72,0.72
PCROI,20210215,0.65,0.65,0.65,0.65
PCROI,20210216,0.73,0.73,0.73,0.73
PCROI,20210217,0.79,0.79,0.79,0.79
PCROI,20210218,0.76,0.76,0.76,0.76
PCROI,20210219,0.83,0.83,0.83,0.83
PCROI,20210222,0.85,0.85,0.85,0.85
PCROI,20210223,0.75,0.75,0.75,0.75
PCROI,20210224,0.91,0.91,0.91,0.91
PCROI,20210225,1.22,1.22,1.22,1.22
PCROI,20210226,2.72,2.72,2.72,2.72
PCROI,20210301,1.88,1.88,1.88,1.88
PCROI,20210302,1.22,1.22,1.22,1.22
PCROI,20210303,0.87,0.87,0.87,0.87
PCROI,20210304,0.99,0.99,0.99,0.99
PCROI,20210305,1.35,1.35,1.35,1.35
PCROI,20210309,0.95,0.95,0.95,0.95
PCROI,20210310,0.68,0.68,0.68,0.68
PCROI,20210315,1.0,1.0,1.0,1.0
PCROI,20210316,1.05,1.05,1.05,1.05
PCROI,20210317,1.4,1.4,1.4,1.4
PCROI,20210318,1.37,1.37,1.37,1.37
PCROI,20210319,0.99,0.99,0.99,0.99
PCROI,20210322,0.9,0.9,0.9,0.9
PCROI,20210323,0.87,0.87,0.87,0.87
PCROI,20210324,0.94,0.94,0.94,0.94
PCROI,20210325,2.14,2.14,2.14,2.14
PCROI,20210326,1.44,1.44,1.44,1.44
PCROI,20210330,0.99,0.99,0.99,0.99
PCROI,20210331,1.43,1.43,1.43,1.43
PCROI,20210405,1.56,1.56,1.56,1.56
PCROI,20210406,1.41,1.41,1.41,1.41
PCROI,20210407,1.28,1.28,1.28,1.28
PCROI,20210408,1.03,1.03,1.03,1.03
PCROI,20210412,2.6,2.6,2.6,2.6
PCROI,20210415,1.6,1.6,1.6,1.6
PCROI,20210416,1.16,1.16,1.16,1.16
PCROI,20210419,2.03,2.03,2.03,2.03
PCROI,20210422,1.13,1.13,1.13,1.13
PCROI,20210423,1.29,1.29,1.29,1.29
PCROI,20210426,1.19,1.19,1.19,1.19
PCROI,20210427,0.97,0.97,0.97,0.97
PCROI,20210428,0.94,0.94,0.94,0.94
PCROI,20210429,0.81,0.81,0.81,0.81
PCROI,20210430,1.27,1.27,1.27,1.27
PCROI,20210503,1.18,1.18,1.18,1.18
PCROI,20210504,1.63,1.63,1.63,1.63
PCROI,20210505,1.17,1.17,1.17,1.17
PCROI,20210506,1.03,1.03,1.03,1.03
PCROI,20210507,0.94,0.94,0.94,0.94
PCROI,20210510,0.82,0.82,0.82,0.82
PCROI,20210511,1.12,1.12,1.12,1.12
PCROI,20210512,1.07,1.07,1.07,1.07
PCROI,20210514,1.01,1.01,1.01,1.01
PCROI,20210517,0.85,0.85,0.85,0.85
PCROI,20210518,0.74,0.74,0.74,0.74
PCROI,20210519,0.91,0.91,0.91,0.91
PCROI,20210520,0.88,0.88,0.88,0.88
PCROI,20210521,0.68,0.68,0.68,0.68
PCROI,20210524,0.68,0.68,0.68,0.68
PCROI,20210525,0.66,0.66,0.66,0.66
PCROI,20210526,0.86,0.86,0.86,0.86
PCROI,20210527,0.73,0.73,0.73,0.73
PCROI,20210531,0.75,0.75,0.75,0.75
PCROI,20210601,0.55,0.55,0.55,0.55
PCROI,20210602,0.62,0.62,0.62,0.62
PCROI,20210603,0.7,0.7,0.7,0.7
PCROI,20210604,0.73,0.73,0.73,0.73
PCROI,20210607,0.82,0.82,0.82,0.82
