

symbol,date,o,h,l,c
pcrw,20170403,1.0,1.0,1.0,1.0
pcrw,20170403,1.0,1.0,1.0,1.0
pcrw,20170430,0.89,0.89,0.89,0.89
pcrw,20170502,0.97,0.97,0.97,0.97
pcrw,20170503,1.27,1.27,1.27,1.27
pcrw,20170504,0.82,0.82,0.82,0.82
pcrw,20170505,1.17,1.17,1.17,1.17
pcrw,20170508,0.93,0.93,0.93,0.93
pcrw,20170509,0.98,0.98,0.98,0.98
pcrw,20170510,0.59,0.59,0.59,0.59
pcrw,20170511,0.91,0.91,0.91,0.91
pcrw,20170512,0.93,0.93,0.93,0.93
pcrw,20170515,0.7,0.7,0.7,0.7
pcrw,20170516,0.42,0.42,0.42,0.42
pcrw,20170517,0.42,0.42,0.42,0.42
pcrw,20170518,1.84,1.84,1.84,1.84
pcrw,20170519,0.93,0.93,0.93,0.93
pcrw,20170522,0.68,0.68,0.68,0.68
pcrw,20170523,1.39,1.39,1.39,1.39
pcrw,20170524,0.99,0.99,0.99,0.99
pcrw,20170525,0.42,0.42,0.42,0.42
pcrw,20170526,0.62,0.62,0.62,0.62
pcrw,20170529,0.65,0.65,0.65,0.65
pcrw,20170530,0.74,0.74,0.74,0.74
pcrw,20170531,0.9,0.9,0.9,0.9
pcrw,20170601,0.92,0.92,0.92,0.92
pcrw,20170602,0.86,0.86,0.86,0.86
pcrw,20170605,0.8,0.8,0.8,0.8
pcrw,20170606,0.87,0.87,0.87,0.87
pcrw,20170607,0.78,0.78,0.78,0.78
pcrw,20170608,0.88,0.88,0.88,0.88
pcrw,20170609,0.63,0.63,0.63,0.63
pcrw,20170612,0.88,0.88,0.88,0.88
pcrw,20170613,1.32,1.32,1.32,1.32
pcrw,20170614,0.85,0.85,0.85,0.85
pcrw,20170616,1.16,1.16,1.16,1.16
pcrw,20170619,0.52,0.52,0.52,0.52
pcrw,20170620,0.67,0.67,0.67,0.67
pcrw,20170621,0.58,0.58,0.58,0.58
pcrw,20170622,1.6,1.6,1.6,1.6
pcrw,20170623,0.88,0.88,0.88,0.88
pcrw,20170627,1.0,1.0,1.0,1.0
pcrw,20170628,0.61,0.61,0.61,0.61
pcrw,20170629,1.36,1.36,1.36,1.36
pcrw,20170630,0.96,0.96,0.96,0.96
pcrw,20170703,0.66,0.66,0.66,0.66
pcrw,20170704,0.66,0.66,0.66,0.66
pcrw,20170705,0.75,0.75,0.75,0.75
pcrw,20170706,0.91,0.91,0.91,0.91
pcrw,20170707,0.86,0.86,0.86,0.86
pcrw,20170710,0.54,0.54,0.54,0.54
pcrw,20170711,0.88,0.88,0.88,0.88
pcrw,20170712,0.57,0.57,0.57,0.57
pcrw,20170713,0.57,0.57,0.57,0.57
pcrw,20170714,0.7,0.7,0.7,0.7
pcrw,20170717,0.67,0.67,0.67,0.67
pcrw,20170718,1.3,1.3,1.3,1.3
pcrw,20170719,0.49,0.49,0.49,0.49
pcrw,20170720,0.72,0.72,0.72,0.72
pcrw,20170721,0.48,0.48,0.48,0.48
pcrw,20170724,0.43,0.43,0.43,0.43
pcrw,20170725,0.47,0.47,0.47,0.47
pcrw,20170726,0.17,0.17,0.17,0.17
pcrw,20170727,0.98,0.98,0.98,0.98
pcrw,20170728,0.73,0.73,0.73,0.73
pcrw,20170731,0.64,0.64,0.64,0.64
pcrw,20170801,0.75,0.75,0.75,0.75
pcrw,20170802,1.27,1.27,1.27,1.27
pcrw,20170803,1.19,1.19,1.19,1.19
pcrw,20170804,0.6,0.6,0.6,0.6
pcrw,20170807,0.93,0.93,0.93,0.93
pcrw,20170808,1.44,1.44,1.44,1.44
pcrw,20170809,1.32,1.32,1.32,1.32
pcrw,20170810,1.21,1.21,1.21,1.21
pcrw,20170811,2.01,2.01,2.01,2.01
pcrw,20170814,1.15,1.15,1.15,1.15
pcrw,20170816,0.55,0.55,0.55,0.55
pcrw,20170817,0.77,0.77,0.77,0.77
pcrw,20170818,1.22,1.22,1.22,1.22
pcrw,20170821,2.73,2.73,2.73,2.73
pcrw,20170822,1.04,1.04,1.04,1.04
pcrw,20170823,0.66,0.66,0.66,0.66
pcrw,20170824,0.61,0.61,0.61,0.61
pcrw,20170828,0.5,0.5,0.5,0.5
pcrw,20170829,1.94,1.94,1.94,1.94
pcrw,20170830,0.68,0.68,0.68,0.68
pcrw,20170831,0.19,0.19,0.19,0.19
pcrw,20170901,0.79,0.79,0.79,0.79
pcrw,20170904,1.55,1.55,1.55,1.55
pcrw,20170905,0.97,0.97,0.97,0.97
pcrw,20170906,1.02,1.02,1.02,1.02
pcrw,20170907,1.21,1.21,1.21,1.21
pcrw,20170908,1.26,1.26,1.26,1.26
pcrw,20170911,0.85,0.85,0.85,0.85
pcrw,20170912,0.66,0.66,0.66,0.66
pcrw,20170913,1.05,1.05,1.05,1.05
pcrw,20170915,0.7,0.7,0.7,0.7
pcrw,20170918,0.65,0.65,0.65,0.65
pcrw,20170919,0.53,0.53,0.53,0.53
pcrw,20170920,0.82,0.82,0.82,0.82
pcrw,20170921,0.74,0.74,0.74,0.74
pcrw,20170922,2.53,2.53,2.53,2.53
pcrw,20170925,1.51,1.51,1.51,1.51
pcrw,20170926,1.07,1.07,1.07,1.07
pcrw,20170927,4.57,4.57,4.57,4.57
pcrw,20170928,0.88,0.88,0.88,0.88
pcrw,20170929,1.31,1.31,1.31,1.31
pcrw,20171003,0.97,0.97,0.97,0.97
pcrw,20171004,0.69,0.69,0.69,0.69
pcrw,20171005,1.09,1.09,1.09,1.09
pcrw,20171006,0.58,0.58,0.58,0.58
pcrw,20171009,0.73,0.73,0.73,0.73
pcrw,20171010,0.78,0.78,0.78,0.78
pcrw,20171011,1.9,1.9,1.9,1.9
pcrw,20171012,0.34,0.34,0.34,0.34
pcrw,20171013,0.54,0.54,0.54,0.54
pcrw,20171016,0.57,0.57,0.57,0.57
pcrw,20171017,0.67,0.67,0.67,0.67
pcrw,20171018,0.63,0.63,0.63,0.63
pcrw,20171023,0.59,0.59,0.59,0.59
pcrw,20171024,0.48,0.48,0.48,0.48
pcrw,20171025,0.31,0.31,0.31,0.31
pcrw,20171026,0.12,0.12,0.12,0.12
pcrw,20171027,0.94,0.94,0.94,0.94
pcrw,20171030,0.94,0.94,0.94,0.94
pcrw,20171031,0.94,0.94,0.94,0.94
pcrw,20171101,0.72,0.72,0.72,0.72
pcrw,20171102,0.85,0.85,0.85,0.85
pcrw,20171103,0.76,0.76,0.76,0.76
pcrw,20171106,0.94,0.94,0.94,0.94
pcrw,20171107,1.26,1.26,1.26,1.26
pcrw,20171108,1.38,1.38,1.38,1.38
pcrw,20171109,1.02,1.02,1.02,1.02
pcrw,20171110,0.88,0.88,0.88,0.88
pcrw,20171113,1.62,1.62,1.62,1.62
pcrw,20171114,1.43,1.43,1.43,1.43
pcrw,20171115,1.41,1.41,1.41,1.41
pcrw,20171116,0.49,0.49,0.49,0.49
pcrw,20171117,1.11,1.11,1.11,1.11
pcrw,20171120,0.68,0.68,0.68,0.68
pcrw,20171121,0.8,0.8,0.8,0.8
pcrw,20171122,0.74,0.74,0.74,0.74
pcrw,20171123,0.68,0.68,0.68,0.68
pcrw,20171124,0.52,0.52,0.52,0.52
pcrw,20171127,0.33,0.33,0.33,0.33
pcrw,20171128,0.76,0.76,0.76,0.76
pcrw,20171129,1.07,1.07,1.07,1.07
pcrw,20171130,4.03,4.03,4.03,4.03
pcrw,20171201,2.18,2.18,2.18,2.18
pcrw,20171204,1.03,1.03,1.03,1.03
pcrw,20171205,1.08,1.08,1.08,1.08
pcrw,20171206,1.4,1.4,1.4,1.4
pcrw,20171207,0.5,0.5,0.5,0.5
pcrw,20171208,0.61,0.61,0.61,0.61
pcrw,20171211,0.53,0.53,0.53,0.53
pcrw,20171212,0.64,0.64,0.64,0.64
pcrw,20171213,1.25,1.25,1.25,1.25
pcrw,20171214,0.78,0.78,0.78,0.78
pcrw,20171215,0.97,0.97,0.97,0.97
pcrw,20171218,0.51,0.51,0.51,0.51
pcrw,20171219,0.54,0.54,0.54,0.54
pcrw,20171220,0.79,0.79,0.79,0.79
pcrw,20171221,0.74,0.74,0.74,0.74
pcrw,20171222,0.36,0.36,0.36,0.36
pcrw,20171228,0.5,0.5,0.5,0.5
pcrw,20171229,0.97,0.97,0.97,0.97
pcrw,20180101,1.38,1.38,1.38,1.38
pcrw,20180102,1.32,1.32,1.32,1.32
pcrw,20180103,1.35,1.35,1.35,1.35
pcrw,20180104,0.75,0.75,0.75,0.75
pcrw,20180105,0.8,0.8,0.8,0.8
pcrw,20180108,0.85,0.85,0.85,0.85
pcrw,20180109,1.0,1.0,1.0,1.0
pcrw,20180110,1.21,1.21,1.21,1.21
pcrw,20180111,0.68,0.68,0.68,0.68
pcrw,20180112,0.76,0.76,0.76,0.76
pcrw,20180115,0.85,0.85,0.85,0.85
pcrw,20180116,1.16,1.16,1.16,1.16
pcrw,20180117,0.46,0.46,0.46,0.46
pcrw,20180118,1.09,1.09,1.09,1.09
pcrw,20180119,0.29,0.29,0.29,0.29
pcrw,20180122,0.31,0.31,0.31,0.31
pcrw,20180124,0.34,0.34,0.34,0.34
pcrw,20180125,0.16,0.16,0.16,0.16
pcrw,20180129,0.86,0.86,0.86,0.86
pcrw,20180130,1.14,1.14,1.14,1.14
pcrw,20180131,0.86,0.86,0.86,0.86
pcrw,20180201,1.13,1.13,1.13,1.13
pcrw,20180202,3.62,3.62,3.62,3.62
pcrw,20180205,1.17,1.17,1.17,1.17
pcrw,20180206,1.01,1.01,1.01,1.01
pcrw,20180207,1.77,1.77,1.77,1.77
pcrw,20180208,1.03,1.03,1.03,1.03
pcrw,20180209,1.09,1.09,1.09,1.09
pcrw,20180209,1.09,1.09,1.09,1.09
pcrw,20180210,1.09,1.09,1.09,1.09
pcrw,20180212,0.85,0.85,0.85,0.85
pcrw,20180214,2.27,2.27,2.27,2.27
pcrw,20180215,1.03,1.03,1.03,1.03
pcrw,20180216,2.81,2.81,2.81,2.81
pcrw,20180217,2.81,2.81,2.81,2.81
pcrw,20180219,1.26,1.26,1.26,1.26
pcrw,20180220,0.92,0.92,0.92,0.92
pcrw,20180221,0.89,0.89,0.89,0.89
pcrw,20180222,0.85,0.85,0.85,0.85
pcrw,20180223,0.71,0.71,0.71,0.71
pcrw,20180224,0.71,0.71,0.71,0.71
pcrw,20180226,0.68,0.68,0.68,0.68
pcrw,20180227,1.01,1.01,1.01,1.01
pcrw,20180228,0.89,0.89,0.89,0.89
pcrw,20180301,1.7,1.7,1.7,1.7
pcrw,20180303,1.7,1.7,1.7,1.7
pcrw,20180305,1.35,1.35,1.35,1.35
pcrw,20180306,2.64,2.64,2.64,2.64
pcrw,20180307,1.41,1.41,1.41,1.41
pcrw,20180308,0.86,0.86,0.86,0.86
pcrw,20180309,1.17,1.17,1.17,1.17
pcrw,20180312,0.43,0.43,0.43,0.43
pcrw,20180313,1.01,1.01,1.01,1.01
pcrw,20180314,0.74,0.74,0.74,0.74
pcrw,20180315,1.24,1.24,1.24,1.24
pcrw,20180316,1.74,1.74,1.74,1.74
pcrw,20180319,2.3,2.3,2.3,2.3
pcrw,20180320,1.05,1.05,1.05,1.05
pcrw,20180321,1.32,1.32,1.32,1.32
pcrw,20180322,2.45,2.45,2.45,2.45
pcrw,20180323,1.64,1.64,1.64,1.64
pcrw,20180326,0.26,0.26,0.26,0.26
pcrw,20180327,0.88,0.88,0.88,0.88
pcrw,20180328,1.72,1.72,1.72,1.72
pcrw,20180402,0.68,0.68,0.68,0.68
pcrw,20180403,0.72,0.72,0.72,0.72
pcrw,20180404,1.85,1.85,1.85,1.85
pcrw,20180405,0.62,0.62,0.62,0.62
pcrw,20180406,0.98,0.98,0.98,0.98
pcrw,20180409,0.84,0.84,0.84,0.84
pcrw,20180410,0.95,0.95,0.95,0.95
pcrw,20180411,1.0,1.0,1.0,1.0
pcrw,20180412,0.83,0.83,0.83,0.83
pcrw,20180413,0.93,0.93,0.93,0.93
pcrw,20180416,0.59,0.59,0.59,0.59
pcrw,20180417,0.87,0.87,0.87,0.87
pcrw,20180418,1.22,1.22,1.22,1.22
pcrw,20180419,0.88,0.88,0.88,0.88
pcrw,20180420,0.48,0.48,0.48,0.48
pcrw,20180423,0.64,0.64,0.64,0.64
pcrw,20180424,0.37,0.37,0.37,0.37
pcrw,20180425,1.02,1.02,1.02,1.02
pcrw,20180426,0.33,0.33,0.33,0.33
pcrw,20180427,0.82,0.82,0.82,0.82
pcrw,20180430,0.85,0.85,0.85,0.85
pcrw,20180502,1.07,1.07,1.07,1.07
pcrw,20180503,1.05,1.05,1.05,1.05
pcrw,20180504,1.16,1.16,1.16,1.16
pcrw,20180507,0.74,0.74,0.74,0.74
pcrw,20180508,1.0,1.0,1.0,1.0
pcrw,20180509,0.78,0.78,0.78,0.78
pcrw,20180510,1.24,1.24,1.24,1.24
pcrw,20180511,0.84,0.84,0.84,0.84
pcrw,20180514,1.12,1.12,1.12,1.12
pcrw,20180515,1.37,1.37,1.37,1.37
pcrw,20180516,1.14,1.14,1.14,1.14
pcrw,20180517,1.58,1.58,1.58,1.58
pcrw,20180518,1.86,1.86,1.86,1.86
pcrw,20180521,1.95,1.95,1.95,1.95
pcrw,20180522,1.05,1.05,1.05,1.05
pcrw,20180523,3.16,3.16,3.16,3.16
pcrw,20180524,0.54,0.54,0.54,0.54
pcrw,20180525,0.51,0.51,0.51,0.51
pcrw,20180528,0.58,0.58,0.58,0.58
pcrw,20180529,1.57,1.57,1.57,1.57
pcrw,20180530,0.53,0.53,0.53,0.53
pcrw,20180531,0.71,0.71,0.71,0.71
pcrw,20180601,1.33,1.33,1.33,1.33
pcrw,20180604,1.67,1.67,1.67,1.67
pcrw,20180605,1.0,1.0,1.0,1.0
pcrw,20180606,0.67,0.67,0.67,0.67
pcrw,20180607,0.76,0.76,0.76,0.76
pcrw,20180608,0.93,0.93,0.93,0.93
pcrw,20180611,1.02,1.02,1.02,1.02
pcrw,20180612,0.61,0.61,0.61,0.61
pcrw,20180613,0.97,0.97,0.97,0.97
pcrw,20180614,0.82,0.82,0.82,0.82
pcrw,20180615,0.71,0.71,0.71,0.71
pcrw,20180618,1.13,1.13,1.13,1.13
pcrw,20180619,1.0,1.0,1.0,1.0
pcrw,20180620,0.41,0.41,0.41,0.41
pcrw,20180621,1.44,1.44,1.44,1.44
pcrw,20180622,0.35,0.35,0.35,0.35
pcrw,20180625,1.02,1.02,1.02,1.02
pcrw,20180626,0.75,0.75,0.75,0.75
pcrw,20180627,1.53,1.53,1.53,1.53
pcrw,20180628,1.23,1.23,1.23,1.23
pcrw,20180629,0.71,0.71,0.71,0.71
pcrw,20180702,1.09,1.09,1.09,1.09
pcrw,20180703,0.68,0.68,0.68,0.68
pcrw,20180704,0.74,0.74,0.74,0.74
pcrw,20180705,0.91,0.91,0.91,0.91
pcrw,20180706,0.97,0.97,0.97,0.97
pcrw,20180709,0.61,0.61,0.61,0.61
pcrw,20180710,0.51,0.51,0.51,0.51
pcrw,20180711,0.83,0.83,0.83,0.83
pcrw,20180712,0.66,0.66,0.66,0.66
pcrw,20180713,0.76,0.76,0.76,0.76
pcrw,20180716,1.59,1.59,1.59,1.59
pcrw,20180717,0.51,0.51,0.51,0.51
pcrw,20180719,0.96,0.96,0.96,0.96
pcrw,20180720,0.57,0.57,0.57,0.57
pcrw,20180723,0.33,0.33,0.33,0.33
pcrw,20180724,0.35,0.35,0.35,0.35
pcrw,20180725,0.5,0.5,0.5,0.5
pcrw,20180726,0.26,0.26,0.26,0.26
pcrw,20180727,0.65,0.65,0.65,0.65
pcrw,20180730,0.7,0.7,0.7,0.7
pcrw,20180731,0.63,0.63,0.63,0.63
pcrw,20180801,0.99,0.99,0.99,0.99
pcrw,20180802,1.27,1.27,1.27,1.27
pcrw,20180803,0.65,0.65,0.65,0.65
pcrw,20180806,0.8,0.8,0.8,0.8
pcrw,20180807,0.85,0.85,0.85,0.85
pcrw,20180808,0.67,0.67,0.67,0.67
pcrw,20180809,0.75,0.75,0.75,0.75
pcrw,20180810,1.24,1.24,1.24,1.24
pcrw,20180813,1.04,1.04,1.04,1.04
pcrw,20180814,0.64,0.64,0.64,0.64
pcrw,20180816,0.95,0.95,0.95,0.95
pcrw,20180817,0.7,0.7,0.7,0.7
pcrw,20180820,0.46,0.46,0.46,0.46
pcrw,20180821,0.54,0.54,0.54,0.54
pcrw,20180823,0.61,0.61,0.61,0.61
pcrw,20180824,0.76,0.76,0.76,0.76
pcrw,20180827,0.2,0.2,0.2,0.2
pcrw,20180828,0.28,0.28,0.28,0.28
pcrw,20180829,0.68,0.68,0.68,0.68
pcrw,20180830,0.24,0.24,0.24,0.24
pcrw,20180831,0.54,0.54,0.54,0.54
pcrw,20180903,0.76,0.76,0.76,0.76
pcrw,20180904,1.53,1.53,1.53,1.53
pcrw,20180905,1.26,1.26,1.26,1.26
pcrw,20180906,0.92,0.92,0.92,0.92
pcrw,20180907,0.64,0.64,0.64,0.64
pcrw,20180910,1.45,1.45,1.45,1.45
pcrw,20180911,2.43,2.43,2.43,2.43
pcrw,20180912,0.7,0.7,0.7,0.7
pcrw,20180914,0.57,0.57,0.57,0.57
pcrw,20180917,1.43,1.43,1.43,1.43
pcrw,20180918,2.1,2.1,2.1,2.1
pcrw,20180919,1.93,1.93,1.93,1.93
pcrw,20180921,2.39,2.39,2.39,2.39
pcrw,20180924,3.48,3.48,3.48,3.48
pcrw,20180925,0.35,0.35,0.35,0.35
pcrw,20180926,1.34,1.34,1.34,1.34
pcrw,20180927,2.95,2.95,2.95,2.95
pcrw,20180928,1.56,1.56,1.56,1.56
pcrw,20181001,0.66,0.66,0.66,0.66
pcrw,20181008,1.05,1.05,1.05,1.05
pcrw,20181011,1.53,1.53,1.53,1.53
pcrw,20181012,0.69,0.69,0.69,0.69
pcrw,20181015,0.63,0.63,0.63,0.63
pcrw,20181016,0.76,0.76,0.76,0.76
pcrw,20181017,3.56,3.56,3.56,3.56
pcrw,20181019,1.73,1.73,1.73,1.73
pcrw,20181022,3.78,3.78,3.78,3.78
pcrw,20181023,1.66,1.66,1.66,1.66
pcrw,20181024,0.99,0.99,0.99,0.99
pcrw,20181025,4.63,4.63,4.63,4.63
pcrw,20181026,1.55,1.55,1.55,1.55
pcrw,20181029,0.56,0.56,0.56,0.56
pcrw,20181030,1.04,1.04,1.04,1.04
pcrw,20181031,0.61,0.61,0.61,0.61
pcrw,20181101,0.81,0.81,0.81,0.81
pcrw,20181102,0.7,0.7,0.7,0.7
pcrw,20181105,0.87,0.87,0.87,0.87
pcrw,20181106,1.14,1.14,1.14,1.14
pcrw,20181112,1.77,1.77,1.77,1.77
pcrw,20181114,0.99,0.99,0.99,0.99
pcrw,20181115,0.85,0.85,0.85,0.85
pcrw,20181119,0.58,0.58,0.58,0.58
pcrw,20181120,1.36,1.36,1.36,1.36
pcrw,20181121,0.9,0.9,0.9,0.9
pcrw,20181122,2.6,2.6,2.6,2.6
pcrw,20181123,2.6,2.6,2.6,2.6
pcrw,20181126,0.34,0.34,0.34,0.34
pcrw,20181127,0.38,0.38,0.38,0.38
pcrw,20181128,0.87,0.87,0.87,0.87
pcrw,20181129,0.2,0.2,0.2,0.2
pcrw,20181130,0.97,0.97,0.97,0.97
pcrw,20181203,0.83,0.83,0.83,0.83
pcrw,20181204,0.95,0.95,0.95,0.95
pcrw,20181205,1.06,1.06,1.06,1.06
pcrw,20181206,1.67,1.67,1.67,1.67
pcrw,20181207,0.72,0.72,0.72,0.72
pcrw,20181210,1.83,1.83,1.83,1.83
pcrw,20181211,0.66,0.66,0.66,0.66
pcrw,20181212,0.3,0.3,0.3,0.3
pcrw,20181213,0.65,0.65,0.65,0.65
pcrw,20181217,0.54,0.54,0.54,0.54
pcrw,20181218,0.43,0.43,0.43,0.43
pcrw,20181219,0.49,0.49,0.49,0.49
pcrw,20181220,0.41,0.41,0.41,0.41
pcrw,20181221,2.16,2.16,2.16,2.16
pcrw,20181224,1.8,1.8,1.8,1.8
pcrw,20181226,0.2,0.2,0.2,0.2
pcrw,20181227,0.42,0.42,0.42,0.42
pcrw,20181228,0.79,0.79,0.79,0.79
pcrw,20181231,0.71,0.71,0.71,0.71
pcrw,20190101,0.67,0.67,0.67,0.67
pcrw,20190102,0.67,0.67,0.67,0.67
pcrw,20190102,1.2,1.2,1.2,1.2
pcrw,20190103,1.54,1.54,1.54,1.54
pcrw,20190104,0.71,0.71,0.71,0.71
pcrw,20190107,1.04,1.04,1.04,1.04
pcrw,20190108,0.85,0.85,0.85,0.85
pcrw,20190109,0.95,0.95,0.95,0.95
pcrw,20190110,1.11,1.11,1.11,1.11
pcrw,20190111,1.17,1.17,1.17,1.17
pcrw,20190114,1.14,1.14,1.14,1.14
pcrw,20190115,0.57,0.57,0.57,0.57
pcrw,20190116,0.79,0.79,0.79,0.79
pcrw,20190117,0.96,0.96,0.96,0.96
pcrw,20190118,0.71,0.71,0.71,0.71
pcrw,20190121,0.77,0.77,0.77,0.77
pcrw,20190122,0.86,0.86,0.86,0.86
pcrw,20190123,1.82,1.82,1.82,1.82
pcrw,20190124,0.74,0.74,0.74,0.74
pcrw,20190125,2.83,2.83,2.83,2.83
pcrw,20190128,1.69,1.69,1.69,1.69
pcrw,20190129,0.58,0.58,0.58,0.58
pcrw,20190130,2.01,2.01,2.01,2.01
pcrw,20190131,0.08,0.08,0.08,0.08
pcrw,20190201,0.94,0.94,0.94,0.94
pcrw,20190204,0.71,0.71,0.71,0.71
pcrw,20190206,0.59,0.59,0.59,0.59
pcrw,20190208,0.91,0.91,0.91,0.91
pcrw,20190208,1.83,1.83,1.83,1.83
pcrw,20190211,0.96,0.96,0.96,0.96
pcrw,20190212,1.31,1.31,1.31,1.31
pcrw,20190213,1.82,1.82,1.82,1.82
pcrw,20190214,1.0,1.0,1.0,1.0
pcrw,20190215,1.1,1.1,1.1,1.1
pcrw,20190218,2.01,2.01,2.01,2.01
pcrw,20190219,2.22,2.22,2.22,2.22
pcrw,20190220,0.63,0.63,0.63,0.63
pcrw,20190221,0.65,0.65,0.65,0.65
pcrw,20190222,0.73,0.73,0.73,0.73
pcrw,20190226,0.38,0.38,0.38,0.38
pcrw,20190226,1.13,1.13,1.13,1.13
pcrw,20190228,2.4,2.4,2.4,2.4
pcrw,20190301,0.91,0.91,0.91,0.91
pcrw,20190306,0.9,0.9,0.9,0.9
pcrw,20190307,0.67,0.67,0.67,0.67
pcrw,20190308,0.86,0.86,0.86,0.86
pcrw,20190312,0.56,0.56,0.56,0.56
pcrw,20190313,0.57,0.57,0.57,0.57
pcrw,20190314,0.65,0.65,0.65,0.65
pcrw,20190315,0.54,0.54,0.54,0.54
pcrw,20190318,0.56,0.56,0.56,0.56
pcrw,20190319,0.4,0.4,0.4,0.4
pcrw,20190320,0.56,0.56,0.56,0.56
pcrw,20190322,1.45,1.45,1.45,1.45
pcrw,20190325,0.66,0.66,0.66,0.66
pcrw,20190326,0.12,0.12,0.12,0.12
pcrw,20190327,1.64,1.64,1.64,1.64
pcrw,20190328,0.08,0.08,0.08,0.08
pcrw,20190329,0.48,0.48,0.48,0.48
pcrw,20190330,0.48,0.48,0.48,0.48
pcrw,20190401,0.64,0.64,0.64,0.64
pcrw,20190402,0.57,0.57,0.57,0.57
pcrw,20190405,0.51,0.51,0.51,0.51
pcrw,20190408,1.04,1.04,1.04,1.04
pcrw,20190410,1.07,1.07,1.07,1.07
pcrw,20190411,0.72,0.72,0.72,0.72
pcrw,20190418,0.87,0.87,0.87,0.87
pcrw,20190422,1.54,1.54,1.54,1.54
pcrw,20190425,6.9,6.9,6.9,6.9
pcrw,20190502,0.91,0.91,0.91,0.91
pcrw,20190503,0.83,0.83,0.83,0.83
pcrw,20190506,1.05,1.05,1.05,1.05
pcrw,20190507,1.48,1.48,1.48,1.48
pcrw,20190508,1.48,1.48,1.48,1.48
pcrw,20190508,1.55,1.55,1.55,1.55
pcrw,20190509,1.28,1.28,1.28,1.28
pcrw,20190514,0.96,0.96,0.96,0.96
pcrw,20190516,0.99,0.99,0.99,0.99
pcrw,20190517,0.85,0.85,0.85,0.85
pcrw,20190527,0.51,0.51,0.51,0.51
pcrw,20190528,0.38,0.38,0.38,0.38
pcrw,20190624,1.11,1.11,1.11,1.11
pcrw,20190625,0.43,0.43,0.43,0.43
pcrw,20190626,0.37,0.37,0.37,0.37
pcrw,20190627,1.29,1.29,1.29,1.29
pcrw,20190628,0.71,0.71,0.71,0.71
pcrw,20190701,0.63,0.63,0.63,0.63
pcrw,20190702,0.6,0.6,0.6,0.6
pcrw,20190703,0.75,0.75,0.75,0.75
pcrw,20190705,1.71,1.71,1.71,1.71
pcrw,20190708,1.87,1.87,1.87,1.87
pcrw,20190709,1.16,1.16,1.16,1.16
pcrw,20190711,0.82,0.82,0.82,0.82
pcrw,20190712,1.29,1.29,1.29,1.29
pcrw,20190715,0.78,0.78,0.78,0.78
pcrw,20190716,0.6,0.6,0.6,0.6
pcrw,20190717,0.77,0.77,0.77,0.77
pcrw,20190718,1.52,1.52,1.52,1.52
pcrw,20190719,3.64,3.64,3.64,3.64
pcrw,20190722,1.58,1.58,1.58,1.58
pcrw,20190723,1.58,1.58,1.58,1.58
pcrw,20190724,1.3,1.3,1.3,1.3
pcrw,20190726,0.84,0.84,0.84,0.84
pcrw,20190729,1.25,1.25,1.25,1.25
pcrw,20190730,2.12,2.12,2.12,2.12
pcrw,20190731,1.17,1.17,1.17,1.17
pcrw,20190801,1.22,1.22,1.22,1.22
pcrw,20190802,1.03,1.03,1.03,1.03
pcrw,20190805,1.19,1.19,1.19,1.19
pcrw,20190806,1.15,1.15,1.15,1.15
pcrw,20190807,1.83,1.83,1.83,1.83
pcrw,20190808,0.47,0.47,0.47,0.47
pcrw,20190809,0.93,0.93,0.93,0.93
pcrw,20190813,2.48,2.48,2.48,2.48
pcrw,20190814,1.19,1.19,1.19,1.19
pcrw,20190816,0.77,0.77,0.77,0.77
pcrw,20190819,1.38,1.38,1.38,1.38
pcrw,20190820,0.91,0.91,0.91,0.91
pcrw,20190822,3.6,3.6,3.6,3.6
pcrw,20190823,0.42,0.42,0.42,0.42
pcrw,20190826,0.23,0.23,0.23,0.23
pcrw,20190827,0.58,0.58,0.58,0.58
pcrw,20190828,1.06,1.06,1.06,1.06
pcrw,20190829,2.97,2.97,2.97,2.97
pcrw,20190830,0.77,0.77,0.77,0.77
pcrw,20190903,1.9,1.9,1.9,1.9
pcrw,20190904,1.0,1.0,1.0,1.0
pcrw,20190906,0.85,0.85,0.85,0.85
pcrw,20190909,0.94,0.94,0.94,0.94
pcrw,20190911,1.11,1.11,1.11,1.11
pcrw,20190912,1.22,1.22,1.22,1.22
pcrw,20190913,0.39,0.39,0.39,0.39
pcrw,20190916,1.17,1.17,1.17,1.17
pcrw,20190917,2.24,2.24,2.24,2.24
pcrw,20190918,1.14,1.14,1.14,1.14
pcrw,20190923,0.39,0.39,0.39,0.39
pcrw,20190924,0.62,0.62,0.62,0.62
pcrw,20190925,2.01,2.01,2.01,2.01
pcrw,20190926,0.3,0.3,0.3,0.3
pcrw,20190926,0.3,0.3,0.3,0.3
pcrw,20190927,0.83,0.83,0.83,0.83
pcrw,20190930,0.73,0.73,0.73,0.73
pcrw,20191001,1.06,1.06,1.06,1.06
pcrw,20191003,1.19,1.19,1.19,1.19
pcrw,20191004,1.9,1.9,1.9,1.9
pcrw,20191007,1.72,1.72,1.72,1.72
pcrw,20191009,0.5,0.5,0.5,0.5
pcrw,20191010,0.98,0.98,0.98,0.98
pcrw,20191011,0.79,0.79,0.79,0.79
pcrw,20191015,0.7,0.7,0.7,0.7
pcrw,20191016,0.8,0.8,0.8,0.8
pcrw,20191017,0.45,0.45,0.45,0.45
pcrw,20191018,0.51,0.51,0.51,0.51
pcrw,20191018,0.51,0.51,0.51,0.51
pcrw,20191019,0.51,0.51,0.51,0.51
pcrw,20191019,0.51,0.51,0.51,0.51
pcrw,20191019,0.51,0.51,0.51,0.51
pcrw,20191021,0.51,0.51,0.51,0.51
pcrw,20191022,0.99,0.99,0.99,0.99
pcrw,20191023,0.77,0.77,0.77,0.77
pcrw,20191024,0.77,0.77,0.77,0.77
pcrw,20191024,0.77,0.77,0.77,0.77
pcrw,20191024,0.79,0.79,0.79,0.79
pcrw,20191025,0.63,0.63,0.63,0.63
pcrw,20191029,0.25,0.25,0.25,0.25
pcrw,20191030,0.42,0.42,0.42,0.42
pcrw,20191031,1.01,1.01,1.01,1.01
pcrw,20191106,0.94,0.94,0.94,0.94
pcrw,20191106,0.74,0.74,0.74,0.74
pcrw,20191107,0.65,0.65,0.65,0.65
pcrw,20191108,1.37,1.37,1.37,1.37
pcrw,20191111,0.88,0.88,0.88,0.88
pcrw,20191113,1.67,1.67,1.67,1.67
pcrw,20191114,0.85,0.85,0.85,0.85
pcrw,20191115,1.06,1.06,1.06,1.06
pcrw,20191118,0.96,0.96,0.96,0.96
pcrw,20191119,0.63,0.63,0.63,0.63
pcrw,20191120,0.78,0.78,0.78,0.78
pcrw,20191121,1.13,1.13,1.13,1.13
pcrw,20191122,1.19,1.19,1.19,1.19
pcrw,20191125,0.2,0.2,0.2,0.2
pcrw,20191126,0.68,0.68,0.68,0.68
pcrw,20191127,0.35,0.35,0.35,0.35
pcrw,20191128,0.11,0.11,0.11,0.11
pcrw,20191129,1.11,1.11,1.11,1.11
pcrw,20191130,1.11,1.11,1.11,1.11
pcrw,20191202,1.26,1.26,1.26,1.26
pcrw,20191203,1.22,1.22,1.22,1.22
pcrw,20191204,0.73,0.73,0.73,0.73
pcrw,20191205,1.12,1.12,1.12,1.12
pcrw,20191206,1.51,1.51,1.51,1.51
pcrw,20191207,1.51,1.51,1.51,1.51
pcrw,20191208,1.51,1.51,1.51,1.51
pcrw,20191209,1.11,1.11,1.11,1.11
pcrw,20191210,1.34,1.34,1.34,1.34
pcrw,20191211,1.01,1.01,1.01,1.01
pcrw,20191212,0.76,0.76,0.76,0.76
pcrw,20191213,0.54,0.54,0.54,0.54
pcrw,20191216,1.09,1.09,1.09,1.09
pcrw,20191217,0.51,0.51,0.51,0.51
pcrw,20191218,0.39,0.39,0.39,0.39
pcrw,20191219,0.59,0.59,0.59,0.59
pcrw,20191220,0.46,0.46,0.46,0.46
pcrw,20191223,0.42,0.42,0.42,0.42
pcrw,20191224,0.76,0.76,0.76,0.76
pcrw,20191226,2.7,2.7,2.7,2.7
pcrw,20191227,0.6,0.6,0.6,0.6
pcrw,20191230,0.92,0.92,0.92,0.92
pcrw,20191231,1.19,1.19,1.19,1.19
pcrw,20200101,0.98,0.98,0.98,0.98
pcrw,20200102,0.67,0.67,0.67,0.67
pcrw,20200103,1.26,1.26,1.26,1.26
pcrw,20200106,2.38,2.38,2.38,2.38
pcrw,20200107,1.26,1.26,1.26,1.26
pcrw,20200108,1.42,1.42,1.42,1.42
pcrw,20200109,0.63,0.63,0.63,0.63
pcrw,20200110,0.95,0.95,0.95,0.95
pcrw,20200113,0.77,0.77,0.77,0.77
pcrw,20200114,0.74,0.74,0.74,0.74
pcrw,20200115,0.66,0.66,0.66,0.66
pcrw,20200116,0.92,0.92,0.92,0.92
pcrw,20200117,0.95,0.95,0.95,0.95
pcrw,20200120,1.65,1.65,1.65,1.65
pcrw,20200121,1.42,1.42,1.42,1.42
pcrw,20200122,1.43,1.43,1.43,1.43
pcrw,20200123,0.72,0.72,0.72,0.72
pcrw,20200124,0.44,0.44,0.44,0.44
pcrw,20200127,2.4,2.4,2.4,2.4
pcrw,20200128,1.93,1.93,1.93,1.93
pcrw,20200129,1.21,1.21,1.21,1.21
pcrw,20200130,2.37,2.37,2.37,2.37
pcrw,20200131,1.42,1.42,1.42,1.42
pcrw,20200203,1.46,1.46,1.46,1.46
pcrw,20200204,0.58,0.58,0.58,0.58
pcrw,20200205,0.53,0.53,0.53,0.53
pcrw,20200206,0.74,0.74,0.74,0.74
pcrw,20200207,1.01,1.01,1.01,1.01
pcrw,20200210,1.03,1.03,1.03,1.03
pcrw,20200211,0.92,0.92,0.92,0.92
pcrw,20200212,0.68,0.68,0.68,0.68
pcrw,20200213,1.04,1.04,1.04,1.04
pcrw,20200214,1.43,1.43,1.43,1.43
pcrw,20200217,1.35,1.35,1.35,1.35
pcrw,20200218,0.8,0.8,0.8,0.8
pcrw,20200219,0.45,0.45,0.45,0.45
pcrw,20200220,1.4,1.4,1.4,1.4
pcrw,20200221,1.41,1.41,1.41,1.41
pcrw,20200224,3.58,3.58,3.58,3.58
pcrw,20200225,1.4,1.4,1.4,1.4
pcrw,20200226,2.33,2.33,2.33,2.33
pcrw,20200227,0.53,0.53,0.53,0.53
pcrw,20200228,2.78,2.78,2.78,2.78
pcrw,20200302,2.83,2.83,2.83,2.83
pcrw,20200303,1.15,1.15,1.15,1.15
pcrw,20200304,1.14,1.14,1.14,1.14
pcrw,20200305,1.73,1.73,1.73,1.73
pcrw,20200309,2.66,2.66,2.66,2.66
pcrw,20200311,1.93,1.93,1.93,1.93
pcrw,20200312,4.34,4.34,4.34,4.34
pcrw,20200313,0.81,0.81,0.81,0.81
pcrw,20200316,3.6,3.6,3.6,3.6
pcrw,20200317,4.06,4.06,4.06,4.06
pcrw,20200318,4.57,4.57,4.57,4.57
pcrw,20200319,1.99,1.99,1.99,1.99
pcrw,20200320,0.58,0.58,0.58,0.58
pcrw,20200323,4.32,4.32,4.32,4.32
pcrw,20200324,1.24,1.24,1.24,1.24
pcrw,20200326,0.47,0.47,0.47,0.47
pcrw,20200327,1.95,1.95,1.95,1.95
pcrw,20200330,1.84,1.84,1.84,1.84
pcrw,20200331,1.29,1.29,1.29,1.29
pcrw,20200403,1.92,1.92,1.92,1.92
pcrw,20200407,0.6,0.6,0.6,0.6
pcrw,20200408,1.44,1.44,1.44,1.44
pcrw,20200409,0.92,0.92,0.92,0.92
pcrw,20200413,1.09,1.09,1.09,1.09
pcrw,20200415,1.88,1.88,1.88,1.88
pcrw,20200416,0.97,0.97,0.97,0.97
pcrw,20200417,0.71,0.71,0.71,0.71
pcrw,20200420,1.05,1.05,1.05,1.05
pcrw,20200421,1.64,1.64,1.64,1.64
pcrw,20200422,0.62,0.62,0.62,0.62
pcrw,20200423,0.91,0.91,0.91,0.91
pcrw,20200424,1.28,1.28,1.28,1.28
pcrw,20200427,0.94,0.94,0.94,0.94
pcrw,20200428,0.37,0.37,0.37,0.37
pcrw,20200429,0.38,0.38,0.38,0.38
pcrw,20200430,0.08,0.08,0.08,0.08
pcrw,20200623,0.23,0.23,0.23,0.23
pcrw,20200624,5.61,5.61,5.61,5.61
pcrw,20200625,0.71,0.71,0.71,0.71
pcrw,20200626,1.17,1.17,1.17,1.17
pcrw,20200629,1.06,1.06,1.06,1.06
pcrw,20200630,1.21,1.21,1.21,1.21
pcrw,20200701,0.96,0.96,0.96,0.96
pcrw,20200702,0.84,0.84,0.84,0.84
pcrw,20200703,1.01,1.01,1.01,1.01
pcrw,20200706,0.75,0.75,0.75,0.75
pcrw,20200707,0.86,0.86,0.86,0.86
pcrw,20200708,1.33,1.33,1.33,1.33
pcrw,20200709,0.92,0.92,0.92,0.92
pcrw,20200710,0.99,0.99,0.99,0.99
pcrw,20200713,1.04,1.04,1.04,1.04
pcrw,20200714,1.6,1.6,1.6,1.6
pcrw,20200715,1.58,1.58,1.58,1.58
pcrw,20200716,1.05,1.05,1.05,1.05
pcrw,20200717,0.44,0.44,0.44,0.44
pcrw,20200720,0.64,0.64,0.64,0.64
pcrw,20200721,0.55,0.55,0.55,0.55
pcrw,20200722,1.03,1.03,1.03,1.03
pcrw,20200723,0.6,0.6,0.6,0.6
pcrw,20200724,0.64,0.64,0.64,0.64
pcrw,20200727,1.13,1.13,1.13,1.13
pcrw,20200728,0.23,0.23,0.23,0.23
pcrw,20200729,2.09,2.09,2.09,2.09
pcrw,20200730,11.6,11.6,11.6,11.6
pcrw,20200804,0.74,0.74,0.74,0.74
pcrw,20200805,1.05,1.05,1.05,1.05
pcrw,20200806,0.89,0.89,0.89,0.89
pcrw,20200807,0.94,0.94,0.94,0.94
pcrw,20200810,0.71,0.71,0.71,0.71
pcrw,20200811,0.74,0.74,0.74,0.74
pcrw,20200812,0.83,0.83,0.83,0.83
pcrw,20200813,0.78,0.78,0.78,0.78
pcrw,20200814,1.84,1.84,1.84,1.84
pcrw,20200817,0.84,0.84,0.84,0.84
pcrw,20200818,0.54,0.54,0.54,0.54
pcrw,20200819,0.95,0.95,0.95,0.95
pcrw,20200820,1.35,1.35,1.35,1.35
pcrw,20200821,0.98,0.98,0.98,0.98
pcrw,20200824,0.56,0.56,0.56,0.56
pcrw,20200825,0.85,0.85,0.85,0.85
pcrw,20200825,0.85,0.85,0.85,0.85
pcrw,20200826,0.28,0.28,0.28,0.28
pcrw,20200917,1.11,1.11,1.11,1.11
pcrw,20200918,1.45,1.45,1.45,1.45
pcrw,20200921,7.27,7.27,7.27,7.27
pcrw,20200922,1.51,1.51,1.51,1.51
pcrw,20200923,1.19,1.19,1.19,1.19
pcrw,20200924,52.57,52.57,52.57,52.57
pcrw,20200925,0.92,0.92,0.92,0.92
pcrw,20200928,0.75,0.75,0.75,0.75
pcrw,20200929,1.2,1.2,1.2,1.2
pcrw,20200930,1.27,1.27,1.27,1.27
pcrw,20201001,0.67,0.67,0.67,0.67
pcrw,20201005,0.88,0.88,0.88,0.88
pcrw,20201006,0.58,0.58,0.58,0.58
pcrw,20201008,0.86,0.86,0.86,0.86
pcrw,20201009,0.69,0.69,0.69,0.69
pcrw,20201012,0.97,0.97,0.97,0.97
pcrw,20201013,1.04,1.04,1.04,1.04
pcrw,20201014,0.61,0.61,0.61,0.61
pcrw,20201015,3.02,3.02,3.02,3.02
pcrw,20201016,1.01,1.01,1.01,1.01
pcrw,20201019,0.64,0.64,0.64,0.64
pcrw,20201020,0.92,0.92,0.92,0.92
pcrw,20201021,0.84,0.84,0.84,0.84
pcrw,20201022,0.9,0.9,0.9,0.9
pcrw,20201023,0.95,0.95,0.95,0.95
pcrw,20201026,2.0,2.0,2.0,2.0
pcrw,20201027,0.45,0.45,0.45,0.45
pcrw,20201028,3.37,3.37,3.37,3.37
pcrw,20201029,0.96,0.96,0.96,0.96
pcrw,20201030,1.39,1.39,1.39,1.39
pcrw,20201102,1.08,1.08,1.08,1.08
pcrw,20201103,0.91,0.91,0.91,0.91
pcrw,20201105,0.66,0.66,0.66,0.66
pcrw,20201106,0.64,0.64,0.64,0.64
pcrw,20201109,0.54,0.54,0.54,0.54
pcrw,20201109,0.54,0.54,0.54,0.54
pcrw,20201110,0.39,0.39,0.39,0.39
pcrw,20201110,0.39,0.39,0.39,0.39
pcrw,20201112,0.77,0.77,0.77,0.77
pcrw,20201113,0.57,0.57,0.57,0.57
pcrw,20201117,0.52,0.52,0.52,0.52
pcrw,20201118,0.38,0.38,0.38,0.38
pcrw,20201119,2.18,2.18,2.18,2.18
pcrw,20201120,0.68,0.68,0.68,0.68
pcrw,20201123,0.62,0.62,0.62,0.62
pcrw,20201124,0.35,0.35,0.35,0.35
pcrw,20201125,6.37,6.37,6.37,6.37
pcrw,20201127,1.11,1.11,1.11,1.11
pcrw,20201201,0.88,0.88,0.88,0.88
pcrw,20201203,0.8,0.8,0.8,0.8
pcrw,20201207,0.7,0.7,0.7,0.7
pcrw,20201208,0.84,0.84,0.84,0.84
pcrw,20201209,0.55,0.55,0.55,0.55
pcrw,20201210,0.8,0.8,0.8,0.8
pcrw,20201211,1.09,1.09,1.09,1.09
pcrw,20201214,0.9,0.9,0.9,0.9
pcrw,20201215,0.78,0.78,0.78,0.78
pcrw,20201216,0.65,0.65,0.65,0.65
pcrw,20201217,0.64,0.64,0.64,0.64
pcrw,20201218,0.7,0.7,0.7,0.7
pcrw,20201221,4.97,4.97,4.97,4.97
pcrw,20201222,0.69,0.69,0.69,0.69
pcrw,20201223,0.51,0.51,0.51,0.51
pcrw,20201224,0.47,0.47,0.47,0.47
pcrw,20201228,0.45,0.45,0.45,0.45
pcrw,20201229,0.67,0.67,0.67,0.67
pcrw,20201230,0.29,0.29,0.29,0.29
pcrw,20201231,0.45,0.45,0.45,0.45
pcrw,20210101,0.97,0.97,0.97,0.97
pcrw,20210104,0.71,0.71,0.71,0.71
pcrw,20210105,0.7,0.7,0.7,0.7
pcrw,20210106,1.1,1.1,1.1,1.1
pcrw,20210107,1.01,1.01,1.01,1.01
pcrw,20210108,0.66,0.66,0.66,0.66
pcrw,20210111,0.74,0.74,0.74,0.74
pcrw,20210112,0.59,0.59,0.59,0.59
pcrw,20210113,0.91,0.91,0.91,0.91
pcrw,20210114,0.69,0.69,0.69,0.69
pcrw,20210115,1.37,1.37,1.37,1.37
pcrw,20210118,1.77,1.77,1.77,1.77
pcrw,20210119,0.54,0.54,0.54,0.54
pcrw,20210120,0.82,0.82,0.82,0.82
pcrw,20210121,0.97,0.97,0.97,0.97
pcrw,20210122,1.2,1.2,1.2,1.2
pcrw,20210125,1.07,1.07,1.07,1.07
pcrw,20210127,1.04,1.04,1.04,1.04
pcrw,20210128,1.34,1.34,1.34,1.34
pcrw,20210129,1.39,1.39,1.39,1.39
pcrw,20210201,0.49,0.49,0.49,0.49
pcrw,20210202,0.62,0.62,0.62,0.62
pcrw,20210203,0.6,0.6,0.6,0.6
pcrw,20210204,0.85,0.85,0.85,0.85
pcrw,20210208,0.68,0.68,0.68,0.68
pcrw,20210209,0.88,0.88,0.88,0.88
pcrw,20210210,0.72,0.72,0.72,0.72
pcrw,20210211,0.86,0.86,0.86,0.86
pcrw,20210215,0.72,0.72,0.72,0.72
pcrw,20210216,0.88,0.88,0.88,0.88
pcrw,20210217,0.86,0.86,0.86,0.86
pcrw,20210218,0.83,0.83,0.83,0.83
pcrw,20210219,1.07,1.07,1.07,1.07
pcrw,20210222,1.17,1.17,1.17,1.17
pcrw,20210223,0.97,0.97,0.97,0.97
pcrw,20210224,0.78,0.78,0.78,0.78
pcrw,20210225,0.84,0.84,0.84,0.84
pcrw,20210226,1.87,1.87,1.87,1.87
pcrw,20210301,1.01,1.01,1.01,1.01
pcrw,20210302,0.83,0.83,0.83,0.83
pcrw,20210303,0.67,0.67,0.67,0.67
pcrw,20210304,0.88,0.88,0.88,0.88
pcrw,20210305,1.06,1.06,1.06,1.06
pcrw,20210309,0.66,0.66,0.66,0.66
pcrw,20210310,0.76,0.76,0.76,0.76
pcrw,20210315,0.8,0.8,0.8,0.8
pcrw,20210316,0.92,0.92,0.92,0.92
pcrw,20210317,1.08,1.08,1.08,1.08
pcrw,20210318,1.21,1.21,1.21,1.21
pcrw,20210319,0.64,0.64,0.64,0.64
pcrw,20210322,0.85,0.85,0.85,0.85
pcrw,20210323,0.81,0.81,0.81,0.81
pcrw,20210324,1.09,1.09,1.09,1.09
pcrw,20210325,1.23,1.23,1.23,1.23
pcrw,20210326,0.88,0.88,0.88,0.88
pcrw,20210330,0.72,0.72,0.72,0.72
pcrw,20210331,1.13,1.13,1.13,1.13
pcrw,20210405,1.15,1.15,1.15,1.15
pcrw,20210406,0.88,0.88,0.88,0.88
pcrw,20210407,1.07,1.07,1.07,1.07
pcrw,20210408,0.96,0.96,0.96,0.96
pcrw,20210412,1.78,1.78,1.78,1.78
pcrw,20210415,1.01,1.01,1.01,1.01
pcrw,20210416,0.91,0.91,0.91,0.91
pcrw,20210419,1.21,1.21,1.21,1.21
pcrw,20210422,0.77,0.77,0.77,0.77
pcrw,20210423,0.93,0.93,0.93,0.93
pcrw,20210426,0.89,0.89,0.89,0.89
pcrw,20210427,0.81,0.81,0.81,0.81
pcrw,20210428,0.74,0.74,0.74,0.74
pcrw,20210429,0.87,0.87,0.87,0.87
pcrw,20210430,1.42,1.42,1.42,1.42
pcrw,20210503,0.86,0.86,0.86,0.86
pcrw,20210504,1.24,1.24,1.24,1.24
pcrw,20210505,0.9,0.9,0.9,0.9
pcrw,20210506,0.8,0.8,0.8,0.8
pcrw,20210507,1.05,1.05,1.05,1.05
pcrw,20210510,1.1,1.1,1.1,1.1
pcrw,20210511,1.06,1.06,1.06,1.06
pcrw,20210512,0.97,0.97,0.97,0.97
pcrw,20210514,0.77,0.77,0.77,0.77
pcrw,20210517,0.72,0.72,0.72,0.72
pcrw,20210518,0.78,0.78,0.78,0.78
pcrw,20210519,0.99,0.99,0.99,0.99
pcrw,20210520,0.96,0.96,0.96,0.96
pcrw,20210521,0.62,0.62,0.62,0.62
pcrw,20210524,0.76,0.76,0.76,0.76
pcrw,20210525,0.89,0.89,0.89,0.89
pcrw,20210526,0.82,0.82,0.82,0.82
pcrw,20210527,0.9,0.9,0.9,0.9
pcrw,20210531,0.8,0.8,0.8,0.8
pcrw,20210601,0.75,0.75,0.75,0.75
pcrw,20210602,0.69,0.69,0.69,0.69
pcrw,20210603,0.84,0.84,0.84,0.84
pcrw,20210604,0.83,0.83,0.83,0.83
pcrw,20210607,0.95,0.95,0.95,0.95
