PE,20160720,538875,538875,538875,538875
PE,20160721,-781200,-781200,-781200,-781200
PE,20160724,400500,400500,400500,400500
PE,20160725,1402350,1402350,1402350,1402350
PE,20160726,-862725,-862725,-862725,-862725
PE,20160727,962325,962325,962325,962325
PE,20160728,321412,321412,321412,321412
PE,20160729,684150,684150,684150,684150
PE,20160801,697500,697500,697500,697500
PE,20160802,228225,228225,228225,228225
PE,20160803,683175,683175,683175,683175
PE,20160804,504375,504375,504375,504375
PE,20160805,823800,823800,823800,823800
PE,20160808,462075,462075,462075,462075
PE,20160809,248175,248175,248175,248175
PE,20160810,1010175,1010175,1010175,1010175
PE,20160811,837300,837300,837300,837300
PE,20160812,1076175,1076175,1076175,1076175
PE,20160816,389700,389700,389700,389700
PE,20160817,-312150,-312150,-312150,-312150
PE,20160818,1359450,1359450,1359450,1359450
PE,20160819,635475,635475,635475,635475
PE,20160822,-669525,-669525,-669525,-669525
PE,20160823,1707900,1707900,1707900,1707900
PE,20160824,643950,643950,643950,643950
PE,20160825,684150,684150,684150,684150
PE,20160826,1824600,1824600,1824600,1824600
PE,20160829,1114800,1114800,1114800,1114800
PE,20160830,1465350,1465350,1465350,1465350
PE,20160831,1122525,1122525,1122525,1122525
PE,20160901,693750,693750,693750,693750
PE,20160902,853500,853500,853500,853500
PE,20160906,1374000,1374000,1374000,1374000
PE,20160907,687825,687825,687825,687825
PE,20160908,661350,661350,661350,661350
PE,20160909,-355200,-355200,-355200,-355200
PE,20160912,-1442175,-1442175,-1442175,-1442175
PE,20160914,473625,473625,473625,473625
PE,20160915,-567225,-567225,-567225,-567225
PE,20160916,762825,762825,762825,762825
PE,20160919,-567225,-567225,-567225,-567225
PE,20160920,540150,540150,540150,540150
PE,20160921,750525,750525,750525,750525
PE,20160922,887700,887700,887700,887700
PE,20160923,498600,498600,498600,498600
PE,20160926,-1003950,-1003950,-1003950,-1003950
PE,20160927,1663875,1663875,1663875,1663875
PE,20160928,1979775,1979775,1979775,1979775
PE,20160929,-3499575,-3499575,-3499575,-3499575
PE,20160930,757425,757425,757425,757425
PE,20161003,1172550,1172550,1172550,1172550
PE,20161004,751875,751875,751875,751875
PE,20161005,357675,357675,357675,357675
PE,20161006,757425,757425,757425,757425
PE,20161008,-391650,-391650,-391650,-391650
PE,20161010,325800,325800,325800,325800
PE,20161013,-1086375,-1086375,-1086375,-1086375
PE,20161014,737625,737625,737625,737625
PE,20161017,-707025,-707025,-707025,-707025
PE,20161018,1253550,1253550,1253550,1253550
PE,20161019,362850,362850,362850,362850
PE,20161020,882975,882975,882975,882975
PE,20161021,474525,474525,474525,474525
PE,20161024,604725,604725,604725,604725
PE,20161025,206475,206475,206475,206475
PE,20161026,-1966725,-1966725,-1966725,-1966725
PE,20161027,1693950,1693950,1693950,1693950
PE,20161109,157350,157350,157350,157350
PE,20161121,-2040450,-2040450,-2040450,-2040450
PE,20161122,1051650,1051650,1051650,1051650
PE,20161123,1079700,1079700,1079700,1079700
PE,20161124,-3503550,-3503550,-3503550,-3503550
PE,20161125,1073850,1073850,1073850,1073850
PE,20161128,555525,555525,555525,555525
PE,20161129,835875,835875,835875,835875
PE,20161130,482700,482700,482700,482700
PE,20161201,530625,530625,530625,530625
PE,20161202,-685650,-685650,-685650,-685650
PE,20161212,-379275,-379275,-379275,-379275
PE,20161214,-379275,-379275,-379275,-379275
PE,20161215,-379275,-379275,-379275,-379275
PE,20161219,-379275,-379275,-379275,-379275
PE,20161223,-379275,-379275,-379275,-379275
PE,20161226,-379275,-379275,-379275,-379275
PE,20161227,1585400,1585400,1585400,1585400
PE,20161228,1236450,1236450,1236450,1236450
PE,20161229,3100475,3100475,3100475,3100475
PE,20170102,501225,501225,501225,501225
PE,20170103,286575,286575,286575,286575
PE,20170104,429300,429300,429300,429300
PE,20170105,1396875,1396875,1396875,1396875
PE,20170106,749775,749775,749775,749775
PE,20170109,417150,417150,417150,417150
PE,20170110,457500,457500,457500,457500
PE,20170111,1901700,1901700,1901700,1901700
PE,20170112,1787250,1787250,1787250,1787250
PE,20170113,570225,570225,570225,570225
PE,20170116,920925,920925,920925,920925
PE,20170117,429150,429150,429150,429150
PE,20170118,-466875,-466875,-466875,-466875
PE,20170119,868650,868650,868650,868650
PE,20170120,-953700,-953700,-953700,-953700
PE,20170123,730050,730050,730050,730050
PE,20170124,1644525,1644525,1644525,1644525
PE,20170125,3783600,3783600,3783600,3783600
PE,20170128,836175,836175,836175,836175
PE,20170130,1024650,1024650,1024650,1024650
PE,20170131,1079325,1079325,1079325,1079325
PE,20170201,872775,872775,872775,872775
PE,20170202,921525,921525,921525,921525
PE,20170203,649500,649500,649500,649500
PE,20170206,1518000,1518000,1518000,1518000
PE,20170207,288975,288975,288975,288975
PE,20170208,571050,571050,571050,571050
PE,20170209,854325,854325,854325,854325
PE,20170210,560625,560625,560625,560625
PE,20170213,526575,526575,526575,526575
PE,20170214,550800,550800,550800,550800
PE,20170216,606075,606075,606075,606075
PE,20170217,907800,907800,907800,907800
PE,20170220,-984150,-984150,-984150,-984150
PE,20170221,1303200,1303200,1303200,1303200
PE,20170222,1028100,1028100,1028100,1028100
PE,20170223,1778775,1778775,1778775,1778775
PE,20170226,710100,710100,710100,710100
PE,20170227,601950,601950,601950,601950
PE,20170228,423825,423825,423825,423825
PE,20170302,406575,406575,406575,406575
PE,20170303,309075,309075,309075,309075
PE,20170306,305775,305775,305775,305775
PE,20170307,464925,464925,464925,464925
PE,20170308,508425,508425,508425,508425
PE,20170309,603525,603525,603525,603525
PE,20170310,338925,338925,338925,338925
PE,20170313,323550,323550,323550,323550
PE,20170314,2126175,2126175,2126175,2126175
PE,20170315,760050,760050,760050,760050
PE,20170316,835575,835575,835575,835575
PE,20170317,785175,785175,785175,785175
PE,20170320,-499275,-499275,-499275,-499275
PE,20170321,-509775,-509775,-509775,-509775
PE,20170321,-563025,-563025,-563025,-563025
PE,20170322,-1480650,-1480650,-1480650,-1480650
PE,20170323,729375,729375,729375,729375
PE,20170324,1049700,1049700,1049700,1049700
PE,20170327,-1045725,-1045725,-1045725,-1045725
PE,20170328,1146675,1146675,1146675,1146675
PE,20170329,1072800,1072800,1072800,1072800
PE,20170330,1219350,1219350,1219350,1219350
PE,20170331,700275,700275,700275,700275
PE,20170424,682875.0,682875.0,682875.0,682875.0
PE,20170425,705450.0,705450.0,705450.0,705450.0
PE,20170426,850575.0,850575.0,850575.0,850575.0
PE,20170427,1347525.0,1347525.0,1347525.0,1347525.0
PE,20170428,699450.0,699450.0,699450.0,699450.0
PE,20170502,940500.0,940500.0,940500.0,940500.0
PE,20170503,646650.0,646650.0,646650.0,646650.0
PE,20170504,1196025.0,1196025.0,1196025.0,1196025.0
PE,20170505,-736125.0,-736125.0,-736125.0,-736125.0
PE,20170508,446700.0,446700.0,446700.0,446700.0
PE,20170509,754875.0,754875.0,754875.0,754875.0
PE,20170510,1669350.0,1669350.0,1669350.0,1669350.0
PE,20170511,723600.0,723600.0,723600.0,723600.0
PE,20170512,452025.0,452025.0,452025.0,452025.0
PE,20170515,-1252800.0,-1252800.0,-1252800.0,-1252800.0
PE,20170516,2158050.0,2158050.0,2158050.0,2158050.0
PE,20170517,1544025.0,1544025.0,1544025.0,1544025.0
PE,20170518,-1767525.0,-1767525.0,-1767525.0,-1767525.0
PE,20170519,-488400.0,-488400.0,-488400.0,-488400.0
PE,20170522,241200.0,241200.0,241200.0,241200.0
PE,20170523,-768150.0,-768150.0,-768150.0,-768150.0
PE,20170524,-958950.0,-958950.0,-958950.0,-958950.0
PE,20170525,672450.0,672450.0,672450.0,672450.0
PE,20170525,1422900.0,1422900.0,1422900.0,1422900.0
PE,20170526,1747050.0,1747050.0,1747050.0,1747050.0
PE,20170529,980025.0,980025.0,980025.0,980025.0
PE,20170530,692925.0,692925.0,692925.0,692925.0
PE,20170531,772725.0,772725.0,772725.0,772725.0
PE,20170601,354375.0,354375.0,354375.0,354375.0
PE,20170602,979725.0,979725.0,979725.0,979725.0
PE,20170605,1103475.0,1103475.0,1103475.0,1103475.0
PE,20170606,223650.0,223650.0,223650.0,223650.0
PE,20170607,609825.0,609825.0,609825.0,609825.0
PE,20170608,430125.0,430125.0,430125.0,430125.0
PE,20170609,354300.0,354300.0,354300.0,354300.0
PE,20170612,-837150.0,-837150.0,-837150.0,-837150.0
PE,20170613,247725.0,247725.0,247725.0,247725.0
PE,20170614,768600.0,768600.0,768600.0,768600.0
PE,20170616,323850.0,323850.0,323850.0,323850.0
PE,20170619,1125150.0,1125150.0,1125150.0,1125150.0
PE,20170620,458175.0,458175.0,458175.0,458175.0
PE,20170621,598650.0,598650.0,598650.0,598650.0
PE,20170622,-807450.0,-807450.0,-807450.0,-807450.0
PE,20170623,-945675.0,-945675.0,-945675.0,-945675.0
PE,20170627,-2008800.0,-2008800.0,-2008800.0,-2008800.0
PE,20170628,765975.0,765975.0,765975.0,765975.0
PE,20170629,795900.0,795900.0,795900.0,795900.0
PE,20170630,1167900.0,1167900.0,1167900.0,1167900.0
PE,20170703,1286625.0,1286625.0,1286625.0,1286625.0
PE,20170704,776625.0,776625.0,776625.0,776625.0
PE,20170705,1165725.0,1165725.0,1165725.0,1165725.0
PE,20170706,872325.0,872325.0,872325.0,872325.0
PE,20170707,333975.0,333975.0,333975.0,333975.0
PE,20170710,2352375.0,2352375.0,2352375.0,2352375.0
PE,20170711,1897800.0,1897800.0,1897800.0,1897800.0
PE,20170712,972600.0,972600.0,972600.0,972600.0
PE,20170713,1361175.0,1361175.0,1361175.0,1361175.0
PE,20170714,2066175.0,2066175.0,2066175.0,2066175.0
PE,20170717,1006800.0,1006800.0,1006800.0,1006800.0
PE,20170718,-1704150.0,-1704150.0,-1704150.0,-1704150.0
PE,20170719,905550.0,905550.0,905550.0,905550.0
PE,20170720,-341925.0,-341925.0,-341925.0,-341925.0
PE,20170721,-702675.0,-702675.0,-702675.0,-702675.0
PE,20170724,1458375.0,1458375.0,1458375.0,1458375.0
PE,20170725,-914550.0,-914550.0,-914550.0,-914550.0
PE,20170726,1562775.0,1562775.0,1562775.0,1562775.0
PE,20170727,1179000.0,1179000.0,1179000.0,1179000.0
PE,20170728,714375.0,714375.0,714375.0,714375.0
PE,20170731,813675.0,813675.0,813675.0,813675.0
PE,20170801,749100.0,749100.0,749100.0,749100.0
PE,20170802,-232425.0,-232425.0,-232425.0,-232425.0
PE,20170803,207975.0,207975.0,207975.0,207975.0
PE,20170804,758700.0,758700.0,758700.0,758700.0
PE,20170807,402675.0,402675.0,402675.0,402675.0
PE,20170808,-651300.0,-651300.0,-651300.0,-651300.0
PE,20170809,279225.0,279225.0,279225.0,279225.0
PE,20170810,730350.0,730350.0,730350.0,730350.0
PE,20170811,1219425.0,1219425.0,1219425.0,1219425.0
PE,20170814,1104600.0,1104600.0,1104600.0,1104600.0
PE,20170816,1051725.0,1051725.0,1051725.0,1051725.0
PE,20170817,1252350.0,1252350.0,1252350.0,1252350.0
PE,20170818,-935100.0,-935100.0,-935100.0,-935100.0
PE,20170821,-441375.0,-441375.0,-441375.0,-441375.0
PE,20170822,1112700.0,1112700.0,1112700.0,1112700.0
PE,20170823,922275.0,922275.0,922275.0,922275.0
PE,20170824,462000.0,462000.0,462000.0,462000.0
PE,20170828,1445700.0,1445700.0,1445700.0,1445700.0
PE,20170829,-2228925.0,-2228925.0,-2228925.0,-2228925.0
PE,20170830,1777200.0,1777200.0,1777200.0,1777200.0
PE,20170831,1121850.0,1121850.0,1121850.0,1121850.0
PE,20170901,1121400.0,1121400.0,1121400.0,1121400.0
PE,20170904,429900.0,429900.0,429900.0,429900.0
PE,20170905,475575.0,475575.0,475575.0,475575.0
PE,20170906,422325.0,422325.0,422325.0,422325.0
PE,20170907,809700.0,809700.0,809700.0,809700.0
PE,20170908,545550.0,545550.0,545550.0,545550.0
PE,20170911,1039350.0,1039350.0,1039350.0,1039350.0
PE,20170912,1710900.0,1710900.0,1710900.0,1710900.0
PE,20170913,1015350.0,1015350.0,1015350.0,1015350.0
PE,20170915,606825.0,606825.0,606825.0,606825.0
PE,20170918,1135800.0,1135800.0,1135800.0,1135800.0
PE,20170919,330675.0,330675.0,330675.0,330675.0
PE,20170920,236700.0,236700.0,236700.0,236700.0
PE,20170921,-567075.0,-567075.0,-567075.0,-567075.0
PE,20170922,-2205750.0,-2205750.0,-2205750.0,-2205750.0
PE,20170925,-1300950.0,-1300950.0,-1300950.0,-1300950.0
PE,20170926,813300.0,813300.0,813300.0,813300.0
PE,20170927,-1598700.0,-1598700.0,-1598700.0,-1598700.0
PE,20170928,805950.0,805950.0,805950.0,805950.0
PE,20170929,922125.0,922125.0,922125.0,922125.0
PE,20171003,767400.0,767400.0,767400.0,767400.0
PE,20171004,1203525.0,1203525.0,1203525.0,1203525.0
PE,20171005,-282675.0,-282675.0,-282675.0,-282675.0
PE,20171006,1210725.0,1210725.0,1210725.0,1210725.0
PE,20171009,995175.0,995175.0,995175.0,995175.0
PE,20171010,603675.0,603675.0,603675.0,603675.0
PE,20171011,892350.0,892350.0,892350.0,892350.0
PE,20171012,1257600.0,1257600.0,1257600.0,1257600.0
PE,20171013,2429625.0,2429625.0,2429625.0,2429625.0
PE,20171016,2285100.0,2285100.0,2285100.0,2285100.0
PE,20171017,372900.0,372900.0,372900.0,372900.0
PE,20171018,738375.0,738375.0,738375.0,738375.0
PE,20171023,1108725.0,1108725.0,1108725.0,1108725.0
PE,20171024,1254000.0,1254000.0,1254000.0,1254000.0
PE,20171025,1717650.0,1717650.0,1717650.0,1717650.0
PE,20171026,-1025625.0,-1025625.0,-1025625.0,-1025625.0
PE,20171027,756600.0,756600.0,756600.0,756600.0
PE,20171030,843300.0,843300.0,843300.0,843300.0
PE,20171031,369825.0,369825.0,369825.0,369825.0
PE,20171101,1158750.0,1158750.0,1158750.0,1158750.0
PE,20171102,351225.0,351225.0,351225.0,351225.0
PE,20171103,884400.0,884400.0,884400.0,884400.0
PE,20171106,813150.0,813150.0,813150.0,813150.0
PE,20171107,-803175.0,-803175.0,-803175.0,-803175.0
PE,20171108,-524250.0,-524250.0,-524250.0,-524250.0
PE,20171109,605700.0,605700.0,605700.0,605700.0
PE,20171110,663000.0,663000.0,663000.0,663000.0
PE,20171113,-417225.0,-417225.0,-417225.0,-417225.0
PE,20171114,-667800.0,-667800.0,-667800.0,-667800.0
PE,20171115,-948750.0,-948750.0,-948750.0,-948750.0
PE,20171116,641625.0,641625.0,641625.0,641625.0
PE,20171117,1640325.0,1640325.0,1640325.0,1640325.0
PE,20171120,664950.0,664950.0,664950.0,664950.0
PE,20171121,752325.0,752325.0,752325.0,752325.0
PE,20171122,275250.0,275250.0,275250.0,275250.0
PE,20171123,588225.0,588225.0,588225.0,588225.0
PE,20171124,1457175.0,1457175.0,1457175.0,1457175.0
PE,20171127,960825.0,960825.0,960825.0,960825.0
PE,20171128,-986700.0,-986700.0,-986700.0,-986700.0
PE,20171129,-571200.0,-571200.0,-571200.0,-571200.0
PE,20171130,-2121600.0,-2121600.0,-2121600.0,-2121600.0
PE,20171201,1061625.0,1061625.0,1061625.0,1061625.0
PE,20171204,370425.0,370425.0,370425.0,370425.0
PE,20171205,565350.0,565350.0,565350.0,565350.0
PE,20171206,530325.0,530325.0,530325.0,530325.0
PE,20171207,638250.0,638250.0,638250.0,638250.0
PE,20171208,1272825.0,1272825.0,1272825.0,1272825.0
PE,20171211,888825.0,888825.0,888825.0,888825.0
PE,20171212,529200.0,529200.0,529200.0,529200.0
PE,20171213,-509475.0,-509475.0,-509475.0,-509475.0
PE,20171214,1043400.0,1043400.0,1043400.0,1043400.0
PE,20171215,1317900.0,1317900.0,1317900.0,1317900.0
PE,20171218,1638900.0,1638900.0,1638900.0,1638900.0
PE,20171219,2162175.0,2162175.0,2162175.0,2162175.0
PE,20171220,1154550.0,1154550.0,1154550.0,1154550.0
PE,20171221,-227775.0,-227775.0,-227775.0,-227775.0
PE,20171222,991875.0,991875.0,991875.0,991875.0
PE,20171228,2267025.0,2267025.0,2267025.0,2267025.0
PE,20171229,1344150.0,1344150.0,1344150.0,1344150.0
PE,20180101,940500.0,940500.0,940500.0,940500.0
PE,20180102,805725.0,805725.0,805725.0,805725.0
PE,20180103,301275.0,301275.0,301275.0,301275.0
PE,20180104,813900.0,813900.0,813900.0,813900.0
PE,20180105,1480275.0,1480275.0,1480275.0,1480275.0
PE,20180108,1349250.0,1349250.0,1349250.0,1349250.0
PE,20180109,1097100.0,1097100.0,1097100.0,1097100.0
PE,20180110,707550.0,707550.0,707550.0,707550.0
PE,20180111,1330050.0,1330050.0,1330050.0,1330050.0
PE,20180112,1020450.0,1020450.0,1020450.0,1020450.0
PE,20180115,2911875.0,2911875.0,2911875.0,2911875.0
PE,20180116,-677400.0,-677400.0,-677400.0,-677400.0
PE,20180117,2441625.0,2441625.0,2441625.0,2441625.0
PE,20180118,2240550.0,2240550.0,2240550.0,2240550.0
PE,20180119,1456200.0,1456200.0,1456200.0,1456200.0
PE,20180122,1938375.0,1938375.0,1938375.0,1938375.0
PE,20180124,-655800.0,-655800.0,-655800.0,-655800.0
PE,20180125,-1253025.0,-1253025.0,-1253025.0,-1253025.0
PE,20180129,1055700.0,1055700.0,1055700.0,1055700.0
PE,20180130,755325.0,755325.0,755325.0,755325.0
PE,20180131,439425.0,439425.0,439425.0,439425.0
PE,20180201,752325.0,752325.0,752325.0,752325.0
PE,20180202,-1374375.0,-1374375.0,-1374375.0,-1374375.0
PE,20180205,1134075.0,1134075.0,1134075.0,1134075.0
PE,20180206,-1713375.000,-1713375.000,-1713375.000,-1713375.000
PE,20180207,717300.000,717300.000,717300.000,717300.000
PE,20180208,953400.000,953400.000,953400.000,953400.000
PE,20180209,-737625.000,-737625.000,-737625.000,-737625.000
PE,20180209,-737625.0,-737625.0,-737625.0,-737625.0
PE,20180210,-737625.0,-737625.0,-737625.0,-737625.0
PE,20180212,-283575.0,-283575.0,-283575.0,-283575.0
PE,20180214,573900.0,573900.0,573900.0,573900.0
PE,20180215,602250.0,602250.0,602250.0,602250.0
PE,20180216,-584250.0,-584250.0,-584250.0,-584250.0
PE,20180217,-851100.0,-851100.0,-851100.0,-851100.0
PE,20180219,1393800.0,1393800.0,1393800.0,1393800.0
PE,20180220,1954200.0,1954200.0,1954200.0,1954200.0
PE,20180221,1372500.0,1372500.0,1372500.0,1372500.0
PE,20180222,-2267325.0,-2267325.0,-2267325.0,-2267325.0
PE,20180223,953325.0,953325.0,953325.0,953325.0
PE,20180224,953325.0,953325.0,953325.0,953325.0
PE,20180226,966225.0,966225.0,966225.0,966225.0
PE,20180227,378150.0,378150.0,378150.0,378150.0
PE,20180228,395775.0,395775.0,395775.0,395775.0
PE,20180301,268650.000,268650.000,268650.000,268650.000
PE,20180303,-297900.0,-297900.0,-297900.0,-297900.0
PE,20180305,618225.0,618225.0,618225.0,618225.0
PE,20180306,-534525.0,-534525.0,-534525.0,-534525.0
PE,20180307,-605325.0,-605325.0,-605325.0,-605325.0
PE,20180308,1200000.000,1200000.000,1200000.000,1200000.000
PE,20180309,339900.0,339900.0,339900.0,339900.0
PE,20180312,1910175.0,1910175.0,1910175.0,1910175.0
PE,20180313,770850.0,770850.0,770850.0,770850.0
PE,20180314,447750.000,447750.000,447750.000,447750.000
PE,20180315,-582525.0,-582525.0,-582525.0,-582525.0
PE,20180316,-1438050.000,-1438050.000,-1438050.000,-1438050.000
PE,20180319,2009850.0,2009850.0,2009850.0,2009850.0
PE,20180320,667875.0,667875.0,667875.0,667875.0
PE,20180321,898425.000,898425.000,898425.000,898425.000
PE,20180322,643125.000,643125.000,643125.000,643125.000
PE,20180323,-1648575.0,-1648575.0,-1648575.0,-1648575.0
PE,20180326,1361475.0,1361475.0,1361475.0,1361475.0
PE,20180327,-1312500.000,-1312500.000,-1312500.000,-1312500.000
PE,20180328,-1884150.0,-1884150.0,-1884150.0,-1884150.0
PE,20180402,1003125.0,1003125.0,1003125.0,1003125.0
PE,20180403,477975.0,477975.0,477975.0,477975.0
PE,20180404,292875.000,292875.000,292875.000,292875.000
PE,20180405,1533675.0,1533675.0,1533675.0,1533675.0
PE,20180406,717825.000,717825.000,717825.000,717825.000
PE,20180409,386250.000,386250.000,386250.000,386250.000
PE,20180410,1024425.000,1024425.000,1024425.000,1024425.000
PE,20180411,731475.000,731475.000,731475.000,731475.000
PE,20180412,1342950.000,1342950.000,1342950.000,1342950.000
PE,20180413,1330425.000,1330425.000,1330425.000,1330425.000
PE,20180416,800025.000,800025.000,800025.000,800025.000
PE,20180417,601050.0,601050.0,601050.0,601050.0
PE,20180418,819675.0,819675.0,819675.0,819675.0
PE,20180419,670575.0,670575.0,670575.0,670575.0
PE,20180420,-1061325.000,-1061325.000,-1061325.000,-1061325.000
PE,20180423,759750.000,759750.000,759750.000,759750.000
PE,20180424,-809400.000,-809400.000,-809400.000,-809400.000
PE,20180425,-1079250.000,-1079250.000,-1079250.000,-1079250.000
PE,20180426,1500900.000,1500900.000,1500900.000,1500900.000
PE,20180427,821325.000,821325.000,821325.000,821325.000
PE,20180430,663600.000,663600.000,663600.000,663600.000
PE,20180502,822525.000,822525.000,822525.000,822525.000
PE,20180503,408750.000,408750.000,408750.000,408750.000
PE,20180504,692850.000,692850.000,692850.000,692850.000
PE,20180507,688050.0,688050.0,688050.0,688050.0
PE,20180508,549900.000,549900.000,549900.000,549900.000
PE,20180509,438750.000,438750.000,438750.000,438750.000
PE,20180510,389925.0,389925.0,389925.0,389925.0
PE,20180511,1338000.0,1338000.0,1338000.0,1338000.0
PE,20180514,715800.0,715800.0,715800.0,715800.0
PE,20180515,1023300.0,1023300.0,1023300.0,1023300.0
PE,20180516,-731475.0,-731475.0,-731475.0,-731475.0
PE,20180517,385050.000,385050.000,385050.000,385050.000
PE,20180518,-894300.000,-894300.000,-894300.000,-894300.000
PE,20180521,541725.000,541725.000,541725.000,541725.000
PE,20180522,568200.0,568200.0,568200.0,568200.0
PE,20180523,1039275.0,1039275.0,1039275.0,1039275.0
PE,20180524,1280100.0,1280100.0,1280100.0,1280100.0
PE,20180525,1965825.000,1965825.000,1965825.000,1965825.000
PE,20180528,1162050.0,1162050.0,1162050.0,1162050.0
PE,20180529,-689250.000,-689250.000,-689250.000,-689250.000
PE,20180530,1025400.0,1025400.0,1025400.0,1025400.0
PE,20180531,1022775.000,1022775.000,1022775.000,1022775.000
PE,20180601,887850.000,887850.000,887850.000,887850.000
PE,20180604,420375.0,420375.0,420375.0,420375.0
PE,20180605,241425.000,241425.000,241425.000,241425.000
PE,20180606,866550.000,866550.000,866550.000,866550.000
PE,20180607,1107675.000,1107675.000,1107675.000,1107675.000
PE,20180608,615450.000,615450.000,615450.000,615450.000
PE,20180611,751350.0,751350.0,751350.0,751350.0
PE,20180612,984900.000,984900.000,984900.000,984900.000
PE,20180613,846825.000,846825.000,846825.000,846825.000
PE,20180614,633375.0,633375.0,633375.0,633375.0
PE,20180615,1885275.000,1885275.000,1885275.000,1885275.000
PE,20180618,281250.000,281250.000,281250.000,281250.000
PE,20180619,-882000.000,-882000.000,-882000.000,-882000.000
PE,20180620,895425.000,895425.000,895425.000,895425.000
PE,20180621,-429450.000,-429450.000,-429450.000,-429450.000
PE,20180622,1056150.000,1056150.000,1056150.000,1056150.000
PE,20180625,-727350.0,-727350.0,-727350.0,-727350.0
PE,20180626,714600.0,714600.0,714600.0,714600.0
PE,20180627,-1072950.000,-1072950.000,-1072950.000,-1072950.000
PE,20180628,-1687275.000,-1687275.000,-1687275.000,-1687275.000
PE,20180629,1180275.0,1180275.0,1180275.0,1180275.0
PE,20180702,269400.000,269400.000,269400.000,269400.000
PE,20180703,467775.0,467775.0,467775.0,467775.0
PE,20180704,497325.0,497325.0,497325.0,497325.0
PE,20180705,315975.000,315975.000,315975.000,315975.000
PE,20180706,607950.0,607950.0,607950.0,607950.0
PE,20180709,1000575.0,1000575.0,1000575.0,1000575.0
PE,20180710,1402350.0,1402350.0,1402350.0,1402350.0
PE,20180711,887100.000,887100.000,887100.000,887100.000
PE,20180712,1674825.000,1674825.000,1674825.000,1674825.000
PE,20180713,766575.000,766575.000,766575.000,766575.000
PE,20180716,-380025.0,-380025.0,-380025.0,-380025.0
PE,20180717,909525.000,909525.000,909525.000,909525.000
PE,20180719,619800.0,619800.0,619800.0,619800.0
PE,20180720,869475.0,869475.0,869475.0,869475.0
PE,20180723,1145175.0,1145175.0,1145175.0,1145175.0
PE,20180724,1602900.0,1602900.0,1602900.0,1602900.0
PE,20180725,-881475.000,-881475.000,-881475.000,-881475.000
PE,20180726,1080600.000,1080600.000,1080600.000,1080600.000
PE,20180727,1092075.0,1092075.0,1092075.0,1092075.0
PE,20180730,442875.0,442875.0,442875.0,442875.0
PE,20180731,623100.000,623100.000,623100.000,623100.000
PE,20180801,466275.000,466275.000,466275.000,466275.000
PE,20180802,-362100.0,-362100.0,-362100.0,-362100.0
PE,20180803,878025.000,878025.000,878025.000,878025.000
PE,20180806,474900.0,474900.0,474900.0,474900.0
PE,20180807,278700.0,278700.0,278700.0,278700.0
PE,20180808,829575.000,829575.000,829575.000,829575.000
PE,20180809,751575.000,751575.000,751575.000,751575.000
PE,20180810,-242325.000,-242325.000,-242325.000,-242325.000
PE,20180813,363225.0,363225.0,363225.0,363225.0
PE,20180814,740325.000,740325.000,740325.000,740325.000
PE,20180816,-207450.000,-207450.000,-207450.000,-207450.000
PE,20180817,1100325.000,1100325.000,1100325.000,1100325.000
PE,20180820,1567350.0,1567350.0,1567350.0,1567350.0
PE,20180821,666750.000,666750.000,666750.000,666750.000
PE,20180823,592875.0,592875.0,592875.0,592875.0
PE,20180824,-621000.0,-621000.0,-621000.0,-621000.0
PE,20180827,2100975.000,2100975.000,2100975.000,2100975.000
PE,20180828,1636125.0,1636125.0,1636125.0,1636125.0
PE,20180829,-1017525.0,-1017525.0,-1017525.0,-1017525.0
PE,20180830,-1834575.000,-1834575.000,-1834575.000,-1834575.000
PE,20180831,736500.0,736500.0,736500.0,736500.0
PE,20180903,388350.0,388350.0,388350.0,388350.0
PE,20180904,664275.000,664275.000,664275.000,664275.000
PE,20180905,471900.0,471900.0,471900.0,471900.0
PE,20180906,741600.0,741600.0,741600.0,741600.0
PE,20180907,627750.000,627750.000,627750.000,627750.000
PE,20180910,-401250.0,-401250.0,-401250.0,-401250.0
PE,20180911,-566775.0,-566775.0,-566775.0,-566775.0
PE,20180912,557100.0,557100.0,557100.0,557100.0
PE,20180914,864825.0,864825.0,864825.0,864825.0
PE,20180917,-505650.0,-505650.0,-505650.0,-505650.0
PE,20180918,451650.0,451650.0,451650.0,451650.0
PE,20180919,-447750.000,-447750.000,-447750.000,-447750.000
PE,20180921,-874125.000,-874125.000,-874125.000,-874125.000
PE,20180924,1462650.0,1462650.0,1462650.0,1462650.0
PE,20180925,583350.000,583350.000,583350.000,583350.000
PE,20180926,828450.0,828450.0,828450.0,828450.0
PE,20180927,-1244850.000,-1244850.000,-1244850.000,-1244850.000
PE,20180928,548925.0,548925.0,548925.0,548925.0
PE,20181001,1096800.0,1096800.0,1096800.0,1096800.0
PE,20181008,1536975.0,1536975.0,1536975.0,1536975.0
PE,20181011,612825.0,612825.0,612825.0,612825.0
PE,20181012,864900.0,864900.0,864900.0,864900.0
PE,20181015,423675.0,423675.0,423675.0,423675.0
PE,20181016,908925.0,908925.0,908925.0,908925.0
PE,20181017,-401250.000,-401250.000,-401250.000,-401250.000
PE,20181019,-921375.0,-921375.0,-921375.0,-921375.0
PE,20181022,828675.000,828675.000,828675.000,828675.000
PE,20181023,-1163625.000,-1163625.000,-1163625.000,-1163625.000
PE,20181024,678225.0,678225.0,678225.0,678225.0
PE,20181025,-1627425.000,-1627425.000,-1627425.000,-1627425.000
PE,20181026,668625.0,668625.0,668625.0,668625.0
PE,20181029,510375.0,510375.0,510375.0,510375.0
PE,20181030,365925.000,365925.000,365925.000,365925.000
PE,20181031,443100.000,443100.000,443100.000,443100.000
PE,20181101,607050.000,607050.000,607050.000,607050.000
PE,20181102,961875.000,961875.000,961875.000,961875.000
PE,20181105,296925.0,296925.0,296925.0,296925.0
PE,20181106,303300.0,303300.0,303300.0,303300.0
PE,20181112,-259575.0,-259575.0,-259575.0,-259575.0
PE,20181114,429075.0,429075.0,429075.0,429075.0
PE,20181115,352050.0,352050.0,352050.0,352050.0
PE,20181119,1163475.0,1163475.0,1163475.0,1163475.0
PE,20181120,-443175.0,-443175.0,-443175.0,-443175.0
PE,20181121,-358425.0,-358425.0,-358425.0,-358425.0
PE,20181122,-604800.0,-604800.0,-604800.0,-604800.0
PE,20181123,-732900.0,-732900.0,-732900.0,-732900.0
PE,20181126,1325625.0,1325625.0,1325625.0,1325625.0
PE,20181127,589425.0,589425.0,589425.0,589425.0
PE,20181128,1291275.000,1291275.000,1291275.000,1291275.000
PE,20181129,2687925.0,2687925.0,2687925.0,2687925.0
PE,20181130,665025.000,665025.000,665025.000,665025.000
PE,20181203,301500.000,301500.000,301500.000,301500.000
PE,20181204,286575.000,286575.000,286575.000,286575.000
PE,20181205,208950.000,208950.000,208950.000,208950.000
PE,20181206,544950.0,544950.0,544950.0,544950.0
PE,20181207,701550.0,701550.0,701550.0,701550.0
PE,20181210,507675.0,507675.0,507675.0,507675.0
PE,20181211,931725.000,931725.000,931725.000,931725.000
PE,20181212,1290675.000,1290675.000,1290675.000,1290675.000
PE,20181213,1429875.000,1429875.000,1429875.000,1429875.000
PE,20181217,949950.0,949950.0,949950.0,949950.0
PE,20181218,616425.0,616425.0,616425.0,616425.0
PE,20181219,668700.0,668700.0,668700.0,668700.0
PE,20181220,370050.0,370050.0,370050.0,370050.0
PE,20181221,-1740975.000,-1740975.000,-1740975.000,-1740975.000
PE,20181224,-866250.000,-866250.000,-866250.000,-866250.000
PE,20181226,725250.000,725250.000,725250.000,725250.000
PE,20181227,1242750.000,1242750.000,1242750.000,1242750.000
PE,20181228,517800.0,517800.0,517800.0,517800.0
PE,20181231,647700.0,647700.0,647700.0,647700.0
PE,20190101,422850.000,422850.000,422850.000,422850.000
PE,20190102,389850.0,389850.0,389850.0,389850.0
PE,20190102,487200.0,487200.0,487200.0,487200.0
PE,20190103,393450.0,393450.0,393450.0,393450.0
PE,20190104,492150.0,492150.0,492150.0,492150.0
PE,20190107,476250.0,476250.0,476250.0,476250.0
PE,20190108,326325.0,326325.0,326325.0,326325.0
PE,20190109,292950.0,292950.0,292950.0,292950.0
PE,20190110,739275.000,739275.000,739275.000,739275.000
PE,20190111,275250.000,275250.000,275250.000,275250.000
PE,20190114,265725.0,265725.0,265725.0,265725.0
PE,20190115,1072650.000,1072650.000,1072650.000,1072650.000
PE,20190116,-269175.000,-269175.000,-269175.000,-269175.000
PE,20190117,371175.000,371175.000,371175.000,371175.000
PE,20190118,-271575.000,-271575.000,-271575.000,-271575.000
PE,20190121,748725.0,748725.0,748725.0,748725.0
PE,20190122,-480300.0,-480300.0,-480300.0,-480300.0
PE,20190123,363525.0,363525.0,363525.0,363525.0
PE,20190124,505275.000,505275.000,505275.000,505275.000
PE,20190125,-425175.000,-425175.000,-425175.000,-425175.000
PE,20190128,-743325.0,-743325.0,-743325.0,-743325.0
PE,20190129,-492375.000,-492375.000,-492375.000,-492375.000
PE,20190130,-331800.0,-331800.0,-331800.0,-331800.0
PE,20190131,2489775.000,2489775.000,2489775.000,2489775.000
PE,20190201,875400.0,875400.0,875400.0,875400.0
PE,20190204,535650.0,535650.0,535650.0,535650.0
PE,20190206,1384725.0,1384725.0,1384725.0,1384725.0
PE,20190208,535350.0,535350.0,535350.0,535350.0
PE,20190208,-689025.0,-689025.0,-689025.0,-689025.0
PE,20190211,-332625.000,-332625.000,-332625.000,-332625.000
PE,20190212,-208800.000,-208800.000,-208800.000,-208800.000
PE,20190213,205800.000,205800.000,205800.000,205800.000
PE,20190214,532950.000,532950.000,532950.000,532950.000
PE,20190215,540375.0,540375.0,540375.0,540375.0
PE,20190218,368250.000,368250.000,368250.000,368250.000
PE,20190219,202875.000,202875.000,202875.000,202875.000
PE,20190220,608775.000,608775.000,608775.000,608775.000
PE,20190221,763200.000,763200.000,763200.000,763200.000
PE,20190222,390000.000,390000.000,390000.000,390000.000
PE,20190226,1145250.0,1145250.0,1145250.0,1145250.0
PE,20190226,-749925.0,-749925.0,-749925.0,-749925.0
PE,20190228,1882425.000,1882425.000,1882425.000,1882425.000
PE,20190301,275100.0,275100.0,275100.0,275100.0
PE,20190306,1080675.0,1080675.0,1080675.0,1080675.0
PE,20190307,562650.000,562650.000,562650.000,562650.000
PE,20190308,217425.000,217425.000,217425.000,217425.000
PE,20190312,882225.0,882225.0,882225.0,882225.0
PE,20190313,498600.0,498600.0,498600.0,498600.0
PE,20190314,861000.000,861000.000,861000.000,861000.000
PE,20190315,1072500.0,1072500.0,1072500.0,1072500.0
PE,20190318,-378900.0,-378900.0,-378900.0,-378900.0
PE,20190319,1017000.000,1017000.000,1017000.000,1017000.000
PE,20190320,573825.000,573825.000,573825.000,573825.000
PE,20190322,-272550.0,-272550.0,-272550.0,-272550.0
PE,20190325,-969600.0,-969600.0,-969600.0,-969600.0
PE,20190326,1201200.0,1201200.0,1201200.0,1201200.0
PE,20190327,-570675.000,-570675.000,-570675.000,-570675.000
PE,20190328,3496050.000,3496050.000,3496050.000,3496050.000
PE,20190329,570900.0,570900.0,570900.0,570900.0
PE,20190330,461625.000,461625.000,461625.000,461625.000
PE,20190401,-320400.0,-320400.0,-320400.0,-320400.0
PE,20190402,268650.0,268650.0,268650.0,268650.0
PE,20190405,372750.0,372750.0,372750.0,372750.0
PE,20190408,-129675.0,-129675.0,-129675.0,-129675.0
PE,20190410,118500.000,118500.000,118500.000,118500.000
PE,20190411,414750.0,414750.0,414750.0,414750.0
PE,20190418,521400.0,521400.0,521400.0,521400.0
PE,20190422,-887925.0,-887925.0,-887925.0,-887925.0
PE,20190425,-1522050.0,-1522050.0,-1522050.0,-1522050.0
PE,20190502,148575.0,148575.0,148575.0,148575.0
PE,20190503,103575.0,103575.0,103575.0,103575.0
PE,20190506,182700.0,182700.0,182700.0,182700.0
PE,20190507,463800.0,463800.0,463800.0,463800.0
PE,20190508,463800.0,463800.0,463800.0,463800.0
PE,20190508,425175.0,425175.0,425175.0,425175.0
PE,20190509,120300.000,120300.000,120300.000,120300.000
PE,20190514,-189375.0,-189375.0,-189375.0,-189375.0
PE,20190516,-255225.0,-255225.0,-255225.0,-255225.0
PE,20190517,536925.0,536925.0,536925.0,536925.0
PE,20190527,907050.0,907050.0,907050.0,907050.0
PE,20190528,537150.0,537150.0,537150.0,537150.0
PE,20190624,-530700.0,-530700.0,-530700.0,-530700.0
PE,20190625,1162800.0,1162800.0,1162800.0,1162800.0
PE,20190626,1597200.0,1597200.0,1597200.0,1597200.0
PE,20190627,-456300.0,-456300.0,-456300.0,-456300.0
PE,20190628,472725.0,472725.0,472725.0,472725.0
PE,20190701,152850.000,152850.000,152850.000,152850.000
PE,20190702,208950.000,208950.000,208950.000,208950.000
PE,20190703,217800.000,217800.000,217800.000,217800.000
PE,20190705,222225.0,222225.0,222225.0,222225.0
PE,20190708,357600.0,357600.0,357600.0,357600.0
PE,20190709,262725.0,262725.0,262725.0,262725.0
PE,20190711,202950.000,202950.000,202950.000,202950.000
PE,20190712,206625.000,206625.000,206625.000,206625.000
PE,20190715,463875.000,463875.000,463875.000,463875.000
PE,20190716,620250.000,620250.000,620250.000,620250.000
PE,20190717,479925.000,479925.000,479925.000,479925.000
PE,20190718,368850.000,368850.000,368850.000,368850.000
PE,20190719,-934575.000,-934575.000,-934575.000,-934575.000
PE,20190722,1023150.0,1023150.0,1023150.0,1023150.0
PE,20190723,1023150.0,1023150.0,1023150.0,1023150.0
PE,20190724,-848250.0,-848250.0,-848250.0,-848250.0
PE,20190726,383475.0,383475.0,383475.0,383475.0
PE,20190729,217875.000,217875.000,217875.000,217875.000
PE,20190730,304050.000,304050.000,304050.000,304050.000
PE,20190731,559500.000,559500.000,559500.000,559500.000
PE,20190801,671100.000,671100.000,671100.000,671100.000
PE,20190802,435225.0,435225.0,435225.0,435225.0
PE,20190805,-460200.0,-460200.0,-460200.0,-460200.0
PE,20190806,478725.0,478725.0,478725.0,478725.0
PE,20190807,544200.000,544200.000,544200.000,544200.000
PE,20190808,521925.000,521925.000,521925.000,521925.000
PE,20190809,253350.000,253350.000,253350.000,253350.000
PE,20190813,376650.0,376650.0,376650.0,376650.0
PE,20190814,337500.000,337500.000,337500.000,337500.000
PE,20190816,314550.000,314550.000,314550.000,314550.000
PE,20190819,-221625.0,-221625.0,-221625.0,-221625.0
PE,20190820,-561075.000,-561075.000,-561075.000,-561075.000
PE,20190822,780600.0,780600.0,780600.0,780600.0
PE,20190823,564975.000,564975.000,564975.000,564975.000
PE,20190826,1393125.000,1393125.000,1393125.000,1393125.000
PE,20190827,1067025.000,1067025.000,1067025.000,1067025.000
PE,20190828,-549600.000,-549600.000,-549600.000,-549600.000
PE,20190829,-1957200.000,-1957200.000,-1957200.000,-1957200.000
PE,20190830,743550.0,743550.0,743550.0,743550.0
PE,20190903,278475.000,278475.000,278475.000,278475.000
PE,20190904,165225.0,165225.0,165225.0,165225.0
PE,20190906,395325.0,395325.0,395325.0,395325.0
PE,20190909,311550.0,311550.0,311550.0,311550.0
PE,20190911,598275.000,598275.000,598275.000,598275.000
PE,20190912,315600.0,315600.0,315600.0,315600.0
PE,20190913,354975.0,354975.0,354975.0,354975.0
PE,20190916,-231450.0,-231450.0,-231450.0,-231450.0
PE,20190917,812850.0,812850.0,812850.0,812850.0
PE,20190918,235350.0,235350.0,235350.0,235350.0
PE,20190923,2033325.0,2033325.0,2033325.0,2033325.0
PE,20190924,902625.0,902625.0,902625.0,902625.0
PE,20190925,-1347900.0,-1347900.0,-1347900.0,-1347900.0
PE,20190926,2210625.0,2210625.0,2210625.0,2210625.0
PE,20190926,2210625.0,2210625.0,2210625.0,2210625.0
PE,20190927,151950.0,151950.0,151950.0,151950.0
PE,20190930,397650.0,397650.0,397650.0,397650.0
PE,20191001,188700.000,188700.000,188700.000,188700.000
PE,20191003,415800.0,415800.0,415800.0,415800.0
PE,20191004,272550.0,272550.0,272550.0,272550.0
PE,20191007,305550.000,305550.000,305550.000,305550.000
PE,20191009,624300.0,624300.0,624300.0,624300.0
PE,20191010,-137700.000,-137700.000,-137700.000,-137700.000
PE,20191011,129000.000,129000.000,129000.000,129000.000
PE,20191015,346575.0,346575.0,346575.0,346575.0
PE,20191016,223425.0,223425.0,223425.0,223425.0
PE,20191017,496350.0,496350.0,496350.0,496350.0
PE,20191019, 531975, 531975, 531975, 531975
PE,20191019, 531975, 531975, 531975, 531975
PE,20191019, 531975, 531975, 531975, 531975
PE,20191021, 531975, 531975, 531975, 531975
PE,20191022, 422175, 422175, 422175, 422175
PE,20191023, 211650, 211650, 211650, 211650
PE,20191024, 192225, 192225, 192225, 192225
PE,20191024, 192225, 192225, 192225, 192225
PE,20191024, 877350, 877350, 877350, 877350
PE,20191025,489075.000,489075.000,489075.000,489075.000
PE,20191029, 2.5983e+06, 2.5983e+06, 2.5983e+06, 2.5983e+06
PE,20191030,1469850.000,1469850.000,1469850.000,1469850.000
PE,20191031,1504800.000,1504800.000,1504800.000,1504800.000
PE,20191106, 584025, 584025, 584025, 584025
PE,20191106, 193200, 193200, 193200, 193200
PE,20191107,254175.000,254175.000,254175.000,254175.000
PE,20191108, 212250, 212250, 212250, 212250
PE,20191111, 90000, 90000, 90000, 90000
PE,20191113, 120900, 120900, 120900, 120900
PE,20191114, 196350, 196350, 196350, 196350
PE,20191115,376950.000,376950.000,376950.000,376950.000
PE,20191118, 141675, 141675, 141675, 141675
PE,20191119,257250.000,257250.000,257250.000,257250.000
PE,20191120,987225.000,987225.000,987225.000,987225.000
PE,20191121,502350.000,502350.000,502350.000,502350.000
PE,20191122,435300.000,435300.000,435300.000,435300.000
PE,20191125, 3.04672e+06, 3.04672e+06, 3.04672e+06, 3.04672e+06
PE,20191126,744075.000,744075.000,744075.000,744075.000
PE,20191127,1322100.000,1322100.000,1322100.000,1322100.000
PE,20191128,1559100.000,1559100.000,1559100.000,1559100.000
PE,20191129, 303600, 303600, 303600, 303600
PE,20191130,166950.000,166950.000,166950.000,166950.000
PE,20191202,291375.000,291375.000,291375.000,291375.000
PE,20191203,540450.000,540450.000,540450.000,540450.000
PE,20191204, 99525, 99525, 99525, 99525
PE,20191205,264825.000,264825.000,264825.000,264825.000
PE,20191206, 591225, 591225, 591225, 591225
PE,20191207,579525.000,579525.000,579525.000,579525.000
PE,20191208, 579525, 579525, 579525, 579525
PE,20191209,181200.000,181200.000,181200.000,181200.000
PE,20191210,178500.000,178500.000,178500.000,178500.000
PE,20191211,362925.000,362925.000,362925.000,362925.000
PE,20191212,591750.000,591750.000,591750.000,591750.000
PE,20191213,930225.000,930225.000,930225.000,930225.000
PE,20191216, 214650, 214650, 214650, 214650
PE,20191217,825525.000,825525.000,825525.000,825525.000
PE,20191218,979200.000,979200.000,979200.000,979200.000
PE,20191219, 1.39935e+06, 1.39935e+06, 1.39935e+06, 1.39935e+06
PE,20191220,752325.000,752325.000,752325.000,752325.000
PE,20191223,461025.000,461025.000,461025.000,461025.000
PE,20191224,763275.000,763275.000,763275.000,763275.000
PE,20191226,1593825.000,1593825.000,1593825.000,1593825.000
PE,20191227, 732075, 732075, 732075, 732075
PE,20191230,234075.000,234075.000,234075.000,234075.000
PE,20191231,257625.000,257625.000,257625.000,257625.000
PE,20200101, 259200, 259200, 259200, 259200
PE,20200102,459075.000,459075.000,459075.000,459075.000
PE,20200103,357375.000,357375.000,357375.000,357375.000
PE,20200106, 281025, 281025, 281025, 281025
PE,20200107, 401850, 401850, 401850, 401850
PE,20200108, 320775, 320775, 320775, 320775
PE,20200109,683475.000,683475.000,683475.000,683475.000
PE,20200110,299925.000,299925.000,299925.000,299925.000
PE,20200113,405525.000,405525.000,405525.000,405525.000
PE,20200114,351000.000,351000.000,351000.000,351000.000
PE,20200115,226800.000,226800.000,226800.000,226800.000
PE,20200116,269025.000,269025.000,269025.000,269025.000
PE,20200117,354600.000,354600.000,354600.000,354600.000
PE,20200120,146400.000,146400.000,146400.000,146400.000
PE,20200121,238950.000,238950.000,238950.000,238950.000
PE,20200122,249675.000,249675.000,249675.000,249675.000
PE,20200123,790275.000,790275.000,790275.000,790275.000
PE,20200124,1147875.000,1147875.000,1147875.000,1147875.000
PE,20200127, 939975, 939975, 939975, 939975
PE,20200128,569175.000,569175.000,569175.000,569175.000
PE,20200129, 876675, 876675, 876675, 876675
PE,20200130,1804350.000,1804350.000,1804350.000,1804350.000
PE,20200131, 286725, 286725, 286725, 286725
PE,20200203,379800.000,379800.000,379800.000,379800.000
PE,20200204,749775.000,749775.000,749775.000,749775.000
PE,20200205,558300.000,558300.000,558300.000,558300.000
PE,20200206,569100.000,569100.000,569100.000,569100.000
PE,20200207,162075.000,162075.000,162075.000,162075.000
PE,20200210,313800.000,313800.000,313800.000,313800.000
PE,20200211,217650.000,217650.000,217650.000,217650.000
PE,20200212,621525.000,621525.000,621525.000,621525.000
PE,20200213,154800.000,154800.000,154800.000,154800.000
PE,20200214,107025.000,107025.000,107025.000,107025.000
PE,20200217, 302100, 302100, 302100, 302100
PE,20200218,334275.000,334275.000,334275.000,334275.000
PE,20200219,932400.000,932400.000,932400.000,932400.000
PE,20200220,427050.000,427050.000,427050.000,427050.000
PE,20200221,428250.000,428250.000,428250.000,428250.000
PE,20200224, 1.08788e+06, 1.08788e+06, 1.08788e+06, 1.08788e+06
PE,20200225, 360525, 360525, 360525, 360525
PE,20200226,1149750.000,1149750.000,1149750.000,1149750.000
PE,20200227,2325300.000,2325300.000,2325300.000,2325300.000
PE,20200228,616650.000,616650.000,616650.000,616650.000
PE,20200302,649950.000,649950.000,649950.000,649950.000
PE,20200303,588600.000,588600.000,588600.000,588600.000
PE,20200304,418425.000,418425.000,418425.000,418425.000
PE,20200305, 325500, 325500, 325500, 325500
PE,20200309,836775.000,836775.000,836775.000,836775.000
PE,20200311, 486225, 486225, 486225, 486225
PE,20200312,1193250.000,1193250.000,1193250.000,1193250.000
PE,20200313, 629775, 629775, 629775, 629775
PE,20200316,364050.000,364050.000,364050.000,364050.000
PE,20200317,1351500.000,1351500.000,1351500.000,1351500.000
PE,20200318,195975.000,195975.000,195975.000,195975.000
PE,20200319, 820500, 820500, 820500, 820500
PE,20200320,964575.000,964575.000,964575.000,964575.000
PE,20200323,1122000.000,1122000.000,1122000.000,1122000.000
PE,20200324,554475.000,554475.000,554475.000,554475.000
PE,20200326,1447725.000,1447725.000,1447725.000,1447725.000
PE,20200327, 98925, 98925, 98925, 98925
PE,20200330, 177150, 177150, 177150, 177150
PE,20200331,147825.000,147825.000,147825.000,147825.000
PE,20200403, 146550, 146550, 146550, 146550
PE,20200407,174675.000,174675.000,174675.000,174675.000
PE,20200408,139725.000,139725.000,139725.000,139725.000
PE,20200409,359550.000,359550.000,359550.000,359550.000
PE,20200413,122100.000,122100.000,122100.000,122100.000
PE,20200415, 233925, 233925, 233925, 233925
PE,20200416,172650.000,172650.000,172650.000,172650.000
PE,20200417,230250.000,230250.000,230250.000,230250.000
PE,20200420, 277425, 277425, 277425, 277425
PE,20200421, 195000, 195000, 195000, 195000
PE,20200422,471150.000,471150.000,471150.000,471150.000
PE,20200423,948450.000,948450.000,948450.000,948450.000
PE,20200424,347025.000,347025.000,347025.000,347025.000
PE,20200427,788925.000,788925.000,788925.000,788925.000
PE,20200428,1030575.000,1030575.000,1030575.000,1030575.000
PE,20200429,1514025.000,1514025.000,1514025.000,1514025.000
PE,20200430, 2.40855e+06, 2.40855e+06, 2.40855e+06, 2.40855e+06
PE,20200623, 1.7394e+06, 1.7394e+06, 1.7394e+06, 1.7394e+06
PE,20200624,858150.000,858150.000,858150.000,858150.000
PE,20200625,2145225.000,2145225.000,2145225.000,2145225.000
PE,20200626,311925.000,311925.000,311925.000,311925.000
PE,20200629,270150.000,270150.000,270150.000,270150.000
PE,20200630,506250.000,506250.000,506250.000,506250.000
PE,20200701,451125.000,451125.000,451125.000,451125.000
PE,20200702,447825.000,447825.000,447825.000,447825.000
PE,20200703, 141675, 141675, 141675, 141675
PE,20200706, 415650, 415650, 415650, 415650
PE,20200707,328725.000,328725.000,328725.000,328725.000
PE,20200708,194250.000,194250.000,194250.000,194250.000
PE,20200709,551625.000,551625.000,551625.000,551625.000
PE,20200710,248025.000,248025.000,248025.000,248025.000
PE,20200713, 132975, 132975, 132975, 132975
PE,20200714,298575.000,298575.000,298575.000,298575.000
PE,20200715,164550.000,164550.000,164550.000,164550.000
PE,20200716,450600.000,450600.000,450600.000,450600.000
PE,20200717,694200.000,694200.000,694200.000,694200.000
PE,20200720,601875.000,601875.000,601875.000,601875.000
PE,20200721,1337775.000,1337775.000,1337775.000,1337775.000
PE,20200722, 518775, 518775, 518775, 518775
PE,20200723,982575.000,982575.000,982575.000,982575.000
PE,20200724,690600.000,690600.000,690600.000,690600.000
PE,20200727,510075.000,510075.000,510075.000,510075.000
PE,20200728,2305800.000,2305800.000,2305800.000,2305800.000
PE,20200729,943575.000,943575.000,943575.000,943575.000
PE,20200730,3221700.000,3221700.000,3221700.000,3221700.000
PE,20200804, 300225, 300225, 300225, 300225
PE,20200805,180375.000,180375.000,180375.000,180375.000
PE,20200806,248700.000,248700.000,248700.000,248700.000
PE,20200807,327525.000,327525.000,327525.000,327525.000
PE,20200810,200025.000,200025.000,200025.000,200025.000
PE,20200811,393600.000,393600.000,393600.000,393600.000
PE,20200812,248475.000,248475.000,248475.000,248475.000
PE,20200813,328650.000,328650.000,328650.000,328650.000
PE,20200814, 301650, 301650, 301650, 301650
PE,20200817,488325.000,488325.000,488325.000,488325.000
PE,20200818,642525.000,642525.000,642525.000,642525.000
PE,20200819,405150.000,405150.000,405150.000,405150.000
PE,20200820,606375.000,606375.000,606375.000,606375.000
PE,20200821,1093950.000,1093950.000,1093950.000,1093950.000
PE,20200824,1805850.000,1805850.000,1805850.000,1805850.000
PE,20200825, 587100, 587100, 587100, 587100
PE,20200825,587100.000,587100.000,587100.000,587100.000
PE,20200826, 2.6364e+06, 2.6364e+06, 2.6364e+06, 2.6364e+06
PE,20200917, 658950, 658950, 658950, 658950
PE,20200918,518175.000,518175.000,518175.000,518175.000
PE,20200921,1137600.000,1137600.000,1137600.000,1137600.000
PE,20200922,893550.000,893550.000,893550.000,893550.000
PE,20200923,954900.000,954900.000,954900.000,954900.000
PE,20200924,3267750.000,3267750.000,3267750.000,3267750.000
PE,20200925,319650.000,319650.000,319650.000,319650.000
PE,20200928,320625.000,320625.000,320625.000,320625.000
PE,20200929, 485625, 485625, 485625, 485625
PE,20200930,301575.000,301575.000,301575.000,301575.000
PE,20201001,295050.000,295050.000,295050.000,295050.000
PE,20201005,351000.000,351000.000,351000.000,351000.000
PE,20201006,377400.000,377400.000,377400.000,377400.000
PE,20201008, 369675, 369675, 369675, 369675
PE,20201009, 447075, 447075, 447075, 447075
PE,20201012, 334950, 334950, 334950, 334950
PE,20201013, 491325, 491325, 491325, 491325
PE,20201014, 548550, 548550, 548550, 548550
PE,20201015,408825.000,408825.000,408825.000,408825.000
PE,20201016,488175.000,488175.000,488175.000,488175.000
PE,20201019,470625.000,470625.000,470625.000,470625.000
PE,20201020,270525.000,270525.000,270525.000,270525.000
PE,20201021,166650.000,166650.000,166650.000,166650.000
PE,20201022,640350.000,640350.000,640350.000,640350.000
PE,20201023, 791325, 791325, 791325, 791325
PE,20201026, 628650, 628650, 628650, 628650
PE,20201027,1187025.000,1187025.000,1187025.000,1187025.000
PE,20201028,667200.000,667200.000,667200.000,667200.000
PE,20201029,555225.000,555225.000,555225.000,555225.000
PE,20201030,213000.000,213000.000,213000.000,213000.000
PE,20201102,509475.000,509475.000,509475.000,509475.000
PE,20201103,239550.000,239550.000,239550.000,239550.000
PE,20201105,651300.000,651300.000,651300.000,651300.000
PE,20201106,729525.000,729525.000,729525.000,729525.000
PE,20201109, 521700, 521700, 521700, 521700
PE,20201109,521700.000,521700.000,521700.000,521700.000
PE,20201110,698025.000,698025.000,698025.000,698025.000
PE,20201110,698025.000,698025.000,698025.000,698025.000
PE,20201112, 211425, 211425, 211425, 211425
PE,20201113, 321750, 321750, 321750, 321750
PE,20201117,693450.000,693450.000,693450.000,693450.000
PE,20201118,596475.000,596475.000,596475.000,596475.000
PE,20201119,810150.000,810150.000,810150.000,810150.000
PE,20201120,1774725.000,1774725.000,1774725.000,1774725.000
PE,20201123, 1.09508e+06, 1.09508e+06, 1.09508e+06, 1.09508e+06
PE,20201124,2924925.000,2924925.000,2924925.000,2924925.000
PE,20201125,1579425.000,1579425.000,1579425.000,1579425.000
PE,20201127,354450.000,354450.000,354450.000,354450.000
PE,20201201,373875.000,373875.000,373875.000,373875.000
PE,20201203,258750.000,258750.000,258750.000,258750.000
PE,20201207,443025.000,443025.000,443025.000,443025.000
PE,20201208,366900.000,366900.000,366900.000,366900.000
PE,20201209,402675.000,402675.000,402675.000,402675.000
PE,20201210,747750.000,747750.000,747750.000,747750.000
PE,20201211,519900.000,519900.000,519900.000,519900.000
PE,20201214,418500.000,418500.000,418500.000,418500.000
PE,20201215,238875.000,238875.000,238875.000,238875.000
PE,20201216,546225.000,546225.000,546225.000,546225.000
PE,20201217,732525.000,732525.000,732525.000,732525.000
PE,20201218,359850.000,359850.000,359850.000,359850.000
PE,20201221, 491850, 491850, 491850, 491850
PE,20201222,678525.000,678525.000,678525.000,678525.000
PE,20201223,1194150.000,1194150.000,1194150.000,1194150.000
PE,20201224,1551975.000,1551975.000,1551975.000,1551975.000
PE,20201228,2332725.000,2332725.000,2332725.000,2332725.000
PE,20201229,1386750.000,1386750.000,1386750.000,1386750.000
PE,20201230,1911975.000,1911975.000,1911975.000,1911975.000
PE,20201231,1746375.000,1746375.000,1746375.000,1746375.000
PE,20210101,404100.000,404100.000,404100.000,404100.000
PE,20210104, 378075, 378075, 378075, 378075
PE,20210105, 305100, 305100, 305100, 305100
PE,20210106, 212175, 212175, 212175, 212175
PE,20210107,344325.000,344325.000,344325.000,344325.000
PE,20210108, 549675, 549675, 549675, 549675
PE,20210111,525375.000,525375.000,525375.000,525375.000
PE,20210112,543750.000,543750.000,543750.000,543750.000
PE,20210113,251700.000,251700.000,251700.000,251700.000
PE,20210114,227850.000,227850.000,227850.000,227850.000
PE,20210115,276825.000,276825.000,276825.000,276825.000
PE,20210118,352875.000,352875.000,352875.000,352875.000
PE,20210119,533925.000,533925.000,533925.000,533925.000
PE,20210120,926175,926175,926175,926175
PE,20210121,1796250,1796250,1796250,1796250
PE,20210122,2115975,2115975,2115975,2115975
PE,20210125,1219350,1219350,1219350,1219350
PE,20210127,1176525,1176525,1176525,1176525
PE,20210128,575325,575325,575325,575325
PE,20210129,770775,770775,770775,770775
PE,20210201,1018275,1018275,1018275,1018275
PE,20210202,633225,633225,633225,633225
PE,20210203,1147200,1147200,1147200,1147200
PE,20210204,405825,405825,405825,405825
PE,20210208,1248450,1248450,1248450,1248450
PE,20210209,978450,978450,978450,978450
PE,20210210,696525,696525,696525,696525
PE,20210211,1601475,1601475,1601475,1601475
PE,20210215,2019375,2019375,2019375,2019375
PE,20210216,2240550,2240550,2240550,2240550
PE,20210217,1076325,1076325,1076325,1076325
PE,20210218,1549275,1549275,1549275,1549275
PE,20210219,2130975,2130975,2130975,2130975
PE,20210222,1798650,1798650,1798650,1798650
PE,20210223,3012150,3012150,3012150,3012150
PE,20210224,2100075,2100075,2100075,2100075
PE,20210225,1289400,1289400,1289400,1289400
PE,20210226,2476350,2476350,2476350,2476350
PE,20210301,1479075,1479075,1479075,1479075
PE,20210302,824625,824625,824625,824625
PE,20210303,1662525,1662525,1662525,1662525
PE,20210304,1973850,1973850,1973850,1973850
PE,20210305,2879175,2879175,2879175,2879175
PE,20210309,2168850,2168850,2168850,2168850
PE,20210310,929925,929925,929925,929925
PE,20210315,1740975,1740975,1740975,1740975
PE,20210316,1401450,1401450,1401450,1401450
PE,20210317,1289025,1289025,1289025,1289025
PE,20210318,1695075,1695075,1695075,1695075
PE,20210319,2228850,2228850,2228850,2228850
PE,20210322,1846050,1846050,1846050,1846050
PE,20210323,2575725,2575725,2575725,2575725
PE,20210324,1318350,1318350,1318350,1318350
PE,20210325,1155825,1155825,1155825,1155825
PE,20210326,2594700,2594700,2594700,2594700
PE,20210330,2987175,2987175,2987175,2987175
PE,20210331,1388850,1388850,1388850,1388850
PE,20210405,1078950,1078950,1078950,1078950
PE,20210406,1172400,1172400,1172400,1172400
PE,20210407,3109425,3109425,3109425,3109425
PE,20210408,1405200,1405200,1405200,1405200
PE,20210412,2474850,2474850,2474850,2474850
PE,20210415,2941800,2941800,2941800,2941800
PE,20210416,939300,939300,939300,939300
PE,20210419,2484525,2484525,2484525,2484525
PE,20210422,4852800,4852800,4852800,4852800
PE,20210423,5527500,5527500,5527500,5527500
PE,20210426,2701425,2701425,2701425,2701425
PE,20210427,5507850,5507850,5507850,5507850
PE,20210428,3554850,3554850,3554850,3554850
PE,20210429,760650,760650,760650,760650
PE,20210430,772125,772125,772125,772125
PE,20210503,2222475,2222475,2222475,2222475
PE,20210504,773475,773475,773475,773475
PE,20210505,1328250,1328250,1328250,1328250
PE,20210506,1161450,1161450,1161450,1161450
PE,20210507,1109100,1109100,1109100,1109100
PE,20210510,1283850,1283850,1283850,1283850
PE,20210511,1466550,1466550,1466550,1466550
PE,20210512,2474475,2474475,2474475,2474475
PE,20210514,1282350,1282350,1282350,1282350
PE,20210517,1831650,1831650,1831650,1831650
PE,20210518,1878750,1878750,1878750,1878750
PE,20210519,2155950,2155950,2155950,2155950
PE,20210520,2792550,2792550,2792550,2792550
PE,20210521,4588050,4588050,4588050,4588050
PE,20210524,2115000,2115000,2115000,2115000
PE,20210525,3283275,3283275,3283275,3283275
PE,20210526,2976675,2976675,2976675,2976675
PE,20210527,1809150,1809150,1809150,1809150
PE,20210531,2827350,2827350,2827350,2827350
PE,20210601,552000,552000,552000,552000
PE,20210602,204900,204900,204900,204900
PE,20210603,1744500,1744500,1744500,1744500
PE,20210604,1574175,1574175,1574175,1574175
PE,20210607,1019550,1019550,1019550,1019550
